0,0
1,1
2,2
3,3
15,4
15,5
6,6
7,7
8,8
33,9
10,10
11,11
12,12
13,13
14,14
15,15
23,16
17,17
18,18
19,19
20,20
21,21
22,22
23,23
24,24
25,25
26,26
27,27
28,28
29,29
30,30
31,31
32,32
33,33
34,34
35,35
36,36
19,37
44,38
39,39
47,40
41,41
42,42
43,43
32,44
45,45
46,46
47,47
48,48
49,49
50,50
51,51
52,52
53,53
54,54
55,55
56,56
57,57
58,58
59,59
0,0
1,1
2,2
3,3
44,4
5,5
21,6
7,7
8,8
9,9
33,10
29,11
12,12
13,13
14,14
15,15
16,16
17,17
18,18
19,19
20,20
21,21
22,22
23,23
24,24
25,25
26,26
27,27
28,28
35,29
30,30
31,31
45,32
12,33
34,34
35,35
36,36
37,37
44,38
39,39
40,40
23,41
42,42
43,43
44,44
45,45
46,46
47,47
22,48
49,49
50,50
51,51
52,52
53,53
54,54
55,55
56,56
57,57
58,58
59,59
0,0
1,1
2,2
3,3
44,4
5,5
6,6
7,7
8,8
33,9
11,10
11,11
12,12
13,13
14,14
15,15
23,16
17,17
18,18
19,19
20,20
21,21
22,22
23,23
24,24
25,25
26,26
27,27
12,28
11,29
30,30
31,31
32,32
33,33
34,34
35,35
36,36
37,37
38,38
31,39
47,40
41,41
42,42
43,43
35,44
35,45
46,46
40,47
48,48
49,49
50,50
51,51
52,52
53,53
54,54
55,55
56,56
57,57
58,58
59,59
2,0
1,1
2,2
3,3
47,4
5,5
6,6
7,7
8,8
9,9
35,10
11,11
12,12
13,13
14,14
16,15
16,16
17,17
18,18
19,19
20,20
21,21
22,22
23,23
46,24
25,25
26,26
27,27
28,28
1,29
30,30
31,31
32,32
9,33
34,34
35,35
36,36
37,37
44,38
39,39
40,40
41,41
42,42
43,43
44,44
45,45
46,46
47,47
22,48
6,49
23,50
51,51
52,52
53,53
54,54
55,55
56,56
57,57
58,58
59,59
0,0
1,1
2,2
3,3
15,4
5,5
6,6
7,7
8,8
33,9
10,10
11,11
12,12
13,13
14,14
15,15
16,16
17,17
18,18
19,19
20,20
21,21
22,22
23,23
24,24
25,25
26,26
27,27
28,28
29,29
30,30
31,31
32,32
33,33
34,34
35,35
36,36
37,37
38,38
39,39
47,40
41,41
42,42
46,43
44,44
45,45
46,46
47,47
48,48
49,49
50,50
51,51
56,52
53,53
54,54
55,55
56,56
57,57
58,58
59,59
0,0
1,1
2,2
21,3
44,4
5,5
21,6
7,7
8,8
48,9
10,10
29,11
17,12
13,13
14,14
16,15
16,16
17,17
18,18
3,19
20,20
21,21
22,22
23,23
24,24
25,25
26,26
27,27
28,28
29,29
30,30
31,31
45,32
12,33
34,34
35,35
36,36
37,37
32,38
39,39
40,40
41,41
42,42
43,43
45,44
45,45
2,46
47,47
22,48
49,49
50,50
51,51
52,52
53,53
54,54
55,55
56,56
57,57
58,58
59,59
0,0
28,1
2,2
3,3
4,4
34,5
6,6
7,7
8,8
33,9
10,10
11,11
11,12
13,13
14,14
16,15
23,16
17,17
18,18
19,19
20,20
21,21
22,22
23,23
24,24
25,25
26,26
27,27
10,28
29,29
30,30
31,31
32,32
33,33
34,34
35,35
36,36
37,37
38,38
39,39
40,40
41,41
42,42
46,43
44,44
45,45
46,46
47,47
48,48
49,49
50,50
51,51
52,52
53,53
54,54
55,55
56,56
57,57
58,58
59,59
0,0
1,1
2,2
3,3
4,4
5,5
6,6
7,7
8,8
33,9
11,10
29,11
12,12
13,13
14,14
15,15
16,16
17,17
18,18
19,19
20,20
21,21
22,22
23,23
1,24
25,25
26,26
27,27
29,28
29,29
30,30
31,31
32,32
33,33
34,34
45,35
36,36
37,37
38,38
39,39
40,40
41,41
42,42
43,43
44,44
45,45
43,46
40,47
48,48
49,49
50,50
51,51
52,52
53,53
54,54
55,55
56,56
57,57
58,58
59,59
0,0
1,1
2,2
3,3
4,4
5,5
6,6
7,7
8,8
33,9
10,10
11,11
45,12
13,13
14,14
23,15
23,16
17,17
18,18
19,19
20,20
21,21
22,22
23,23
24,24
25,25
26,26
27,27
10,28
29,29
30,30
31,31
32,32
33,33
34,34
35,35
36,36
46,37
38,38
39,39
40,40
41,41
42,42
46,43
44,44
45,45
46,46
47,47
48,48
49,49
50,50
51,51
52,52
53,53
54,54
55,55
56,56
57,57
58,58
59,59
0,0
1,1
2,2
3,3
4,4
5,5
6,6
7,7
8,8
33,9
11,10
11,11
12,12
13,13
14,14
15,15
16,16
17,17
18,18
19,19
20,20
21,21
22,22
23,23
1,24
25,25
26,26
27,27
28,28
9,29
30,30
31,31
32,32
33,33
34,34
35,35
36,36
37,37
38,38
39,39
40,40
41,41
42,42
43,43
44,44
45,45
43,46
40,47
48,48
49,49
50,50
51,51
52,52
53,53
54,54
55,55
56,56
57,57
58,58
59,59
0,0
1,1
2,2
3,3
4,4
5,5
6,6
7,7
8,8
33,9
10,10
11,11
1,12
13,13
14,14
23,15
23,16
17,17
18,18
19,19
20,20
21,21
22,22
23,23
24,24
25,25
26,26
27,27
28,28
29,29
30,30
31,31
32,32
33,33
34,34
35,35
36,36
37,37
38,38
39,39
40,40
41,41
42,42
40,43
44,44
45,45
46,46
47,47
48,48
49,49
50,50
51,51
52,52
53,53
54,54
55,55
56,56
57,57
58,58
59,59
0,0
1,1
2,2
3,3
4,4
5,5
14,6
7,7
8,8
33,9
11,10
29,11
12,12
13,13
13,14
15,15
16,16
48,17
0,18
19,19
20,20
21,21
21,22
23,23
1,24
25,25
26,26
27,27
29,28
29,29
30,30
31,31
0,32
12,33
34,34
43,35
31,36
37,37
38,38
39,39
40,40
41,41
42,42
43,43
44,44
45,45
43,46
40,47
48,48
49,49
49,50
51,51
52,52
53,53
54,54
55,55
56,56
57,57
58,58
59,59
0,0
1,1
2,2
3,3
4,4
5,5
6,6
7,7
8,8
9,9
28,10
10,11
12,12
13,13
13,14
16,15
16,16
17,17
18,18
19,19
20,20
21,21
22,22
23,23
24,24
25,25
26,26
27,27
28,28
29,29
30,30
31,31
32,32
33,33
34,34
35,35
36,36
37,37
38,38
39,39
44,40
41,41
42,42
43,43
44,44
45,45
46,46
34,47
48,48
49,49
50,50
51,51
52,52
53,53
54,54
55,55
56,56
57,57
58,58
59,59
0,0
1,1
2,2
3,3
4,4
5,5
6,6
7,7
8,8
33,9
10,10
10,11
12,12
13,13
14,14
50,15
23,16
17,17
18,18
19,19
20,20
21,21
22,22
23,23
38,24
25,25
26,26
27,27
29,28
28,29
30,30
31,31
32,32
44,33
34,34
35,35
36,36
37,37
38,38
39,39
38,40
41,41
42,42
43,43
44,44
45,45
46,46
47,47
48,48
49,49
50,50
51,51
52,52
53,53
54,54
55,55
56,56
55,57
58,58
59,59
0,0
48,1
2,2
3,3
4,4
5,5
6,6
7,7
8,8
9,9
22,10
29,11
21,13
14,14
16,15
14,16
17,17
18,18
19,19
20,20
21,21
22,22
23,23
24,24
25,25
26,26
27,27
28,28
11,29
30,30
31,31
32,32
33,33
34,34
35,35
36,36
37,37
38,38
39,39
40,40
41,41
42,42
43,43
44,44
45,45
46,46
34,47
48,48
49,49
50,50
51,51
52,52
53,53
54,54
55,55
56,56
57,57
58,58
59,59
0,0
1,1
2,2
3,3
4,4
5,5
6,6
7,7
8,8
33,9
10,10
11,11
12,12
13,13
14,14
25,15
23,16
17,17
18,18
19,19
20,20
21,21
22,22
23,23
38,24
25,25
26,26
27,27
31,28
29,29
30,30
31,31
32,32
27,33
34,34
35,35
36,36
37,37
38,38
39,39
38,40
41,41
42,42
43,43
44,44
45,45
2,46
47,47
48,48
49,49
50,50
51,51
52,52
53,53
54,54
55,55
56,56
57,57
58,58
59,59
0,0
1,1
2,2
3,3
4,4
5,5
6,6
7,7
8,8
9,9
11,10
11,11
12,12
13,13
13,14
16,15
16,16
17,17
18,18
19,19
20,20
21,21
22,22
23,23
24,24
25,25
26,26
27,27
29,28
29,29
30,30
31,31
32,32
33,33
34,34
35,35
40,36
37,37
38,38
39,39
38,40
41,41
42,42
43,43
44,44
45,45
46,46
40,47
48,48
49,49
50,50
51,51
52,52
53,53
54,54
55,55
56,56
57,57
58,58
59,59
0,0
1,1
46,2
21,3
23,4
5,5
6,6
7,7
8,8
33,9
10,10
11,11
12,12
13,13
14,14
23,15
23,16
17,17
18,18
19,19
20,20
6,21
22,22
21,23
38,24
25,25
26,26
27,27
0,28
28,29
30,30
31,31
32,32
32,33
34,34
35,35
36,36
31,37
38,38
39,39
38,40
41,41
42,42
2,43
45,44
45,45
46,46
44,47
48,48
49,49
51,50
51,51
52,52
53,53
54,54
55,55
56,56
57,57
58,58
59,59
0,0
1,1
2,2
3,3
4,4
5,5
6,6
7,7
8,8
33,9
10,10
9,11
12,12
13,13
14,14
25,15
4,16
17,17
18,18
19,19
20,20
6,21
22,22
23,23
45,24
25,25
26,26
27,27
28,28
29,29
30,30
31,31
46,32
33,33
34,34
35,35
36,36
37,37
38,38
39,39
40,40
41,41
42,42
43,43
44,44
24,45
43,46
47,47
48,48
49,49
50,50
51,51
52,52
53,53
54,54
55,55
56,56
57,57
58,58
59,59
0,0
17,1
2,2
3,3
4,4
5,5
6,6
7,7
8,8
51,9
10,10
11,11
12,12
13,13
14,14
23,15
4,16
17,17
17,18
19,19
20,20
21,21
22,22
23,23
24,24
25,25
26,26
27,27
28,28
29,29
31,30
31,31
32,32
10,33
34,34
35,35
36,36
37,37
38,38
39,39
40,40
41,41
42,42
43,43
44,44
45,45
27,46
47,47
22,48
49,49
50,50
51,51
52,52
53,53
49,54
57,55
56,56
57,57
58,58
59,59
0,0
1,1
43,2
3,3
4,4
5,5
6,6
7,7
8,8
9,9
10,10
12,11
12,12
13,13
14,14
25,15
23,16
17,17
18,18
19,19
20,20
6,21
22,22
23,23
45,24
25,25
26,26
27,27
28,28
29,29
30,30
31,31
46,32
33,33
34,34
35,35
36,36
37,37
38,38
39,39
40,40
41,41
42,42
43,43
32,44
24,45
18,46
47,47
48,48
49,49
50,50
51,51
52,52
53,53
54,54
55,55
56,56
57,57
58,58
59,59
0,0
1,1
2,2
3,3
4,4
5,5
6,6
7,7
8,8
9,9
11,10
11,11
12,12
13,13
14,14
23,15
23,16
17,17
17,18
19,19
20,20
21,21
22,22
23,23
24,24
25,25
26,26
27,27
28,28
29,29
30,30
31,31
32,32
10,33
34,34
4,35
36,36
45,37
38,38
39,39
40,40
41,41
42,42
46,43
44,44
45,45
46,46
47,47
22,48
49,49
50,50
51,51
52,52
53,53
54,54
57,55
56,56
55,57
58,58
59,59
0,0
1,1
2,2
3,3
4,4
5,5
6,6
7,7
8,8
9,9
10,10
10,11
12,12
13,13
13,14
16,15
24,16
17,17
18,18
19,19
20,20
6,21
22,22
23,23
45,24
25,25
26,26
27,27
29,28
29,29
30,30
31,31
32,32
33,33
34,34
4,35
36,36
37,37
38,38
39,39
40,40
41,41
42,42
43,43
44,44
24,45
46,46
47,47
48,48
49,49
50,50
51,51
52,52
53,53
54,54
55,55
56,56
57,57
58,58
59,59
0,0
1,1
2,2
3,3
4,4
5,5
6,6
7,7
8,8
54,9
10,10
3,11
12,12
13,13
14,14
25,15
23,16
17,17
18,18
19,19
20,20
21,21
22,22
23,23
24,24
25,25
26,26
27,27
28,28
29,29
30,30
31,31
32,32
12,33
34,34
35,35
36,36
37,37
38,38
39,39
40,40
41,41
42,42
43,43
27,44
45,45
46,46
47,47
22,48
49,49
50,50
51,51
52,52
53,53
49,54
57,55
56,56
57,57
58,58
59,59
2,0
1,1
2,2
3,3
4,4
5,5
6,6
7,7
8,8
9,9
33,10
28,11
12,12
13,13
14,14
16,15
16,16
17,17
37,18
19,19
20,20
21,21
22,22
23,23
24,24
25,25
26,26
43,27
29,28
29,29
30,30
31,31
32,32
33,33
34,34
35,35
36,36
37,37
38,38
39,39
40,40
41,41
42,42
43,43
44,44
45,45
46,46
47,47
48,48
49,49
50,50
51,51
52,52
53,53
54,54
55,55
56,56
57,57
58,58
59,59
0,0
1,1
2,2
3,3
4,4
5,5
6,6
7,7
8,8
9,9
10,10
29,11
12,12
13,13
14,14
15,15
16,16
17,17
17,18
19,19
20,20
21,21
22,22
23,23
24,24
25,25
26,26
17,27
44,28
29,29
30,30
31,31
32,32
33,33
34,34
35,35
36,36
37,37
38,38
39,39
40,40
41,41
42,42
43,43
44,44
45,45
46,46
44,47
48,48
49,49
50,50
51,51
52,52
53,53
54,54
55,55
56,56
57,57
58,58
59,59
2,0
1,1
2,2
3,3
4,4
5,5
21,6
8,8
9,9
33,10
29,11
12,12
13,13
14,14
5,15
15,16
17,17
37,18
19,19
20,20
21,21
22,22
23,23
24,24
25,25
26,26
27,27
29,28
28,29
30,30
31,31
32,32
33,33
34,34
35,35
36,36
37,37
38,38
38,39
40,40
41,41
42,42
43,43
44,44
45,45
37,46
47,47
48,48
49,49
50,50
51,51
52,52
53,53
54,54
55,55
56,56
57,57
58,58
59,59
2,0
1,1
2,2
3,3
4,4
5,5
30,6
7,7
8,8
9,9
10,10
11,11
12,12
13,13
14,14
15,15
16,16
17,17
17,18
19,19
20,20
21,21
22,22
23,23
24,24
25,25
26,26
27,27
44,28
29,29
30,30
31,31
32,32
28,33
34,34
35,35
36,36
37,37
38,38
38,39
40,40
41,41
42,42
43,43
44,44
45,45
46,46
45,47
48,48
49,49
50,50
51,51
52,52
53,53
54,54
55,55
56,56
57,57
58,58
59,59
2,0
1,1
2,2
37,3
4,4
5,5
6,6
7,7
8,8
9,9
33,10
28,11
12,12
13,13
14,14
15,15
16,16
17,17
37,18
19,19
20,20
21,21
22,22
23,23
24,24
25,25
26,26
43,27
28,28
11,29
30,30
30,31
32,32
38,33
34,34
35,35
36,36
37,37
38,38
39,39
40,40
41,41
42,42
43,43
44,44
45,45
46,46
47,47
48,48
49,49
50,50
51,51
52,52
53,53
54,54
55,55
56,56
57,57
58,58
59,59
0,0
1,1
2,2
3,3
4,4
5,5
6,6
8,8
10,9
29,10
29,11
12,12
13,13
14,14
16,15
16,16
18,17
17,18
19,19
20,20
21,21
22,22
23,23
24,24
25,25
26,26
43,27
44,28
28,29
30,30
30,31
32,32
33,33
34,34
35,35
36,36
22,37
38,38
38,39
40,40
41,41
42,42
43,43
44,44
45,45
43,46
44,47
48,48
49,49
50,50
51,51
52,52
53,53
54,54
55,55
56,56
57,57
58,58
59,59
0,0
1,1
2,2
3,3
4,4
5,5
13,6
7,7
8,8
9,9
10,10
10,11
12,12
13,13
14,14
24,15
16,16
17,17
18,18
19,19
20,20
21,21
22,22
23,23
24,24
25,25
26,26
1,27
9,28
29,29
30,30
31,31
32,32
33,33
34,34
35,35
36,36
37,37
38,38
39,39
43,40
41,41
42,42
43,43
44,44
45,45
46,46
47,47
48,48
49,49
50,50
51,51
52,52
53,53
54,54
55,55
56,56
57,57
58,58
59,59
0,0
1,1
2,2
3,3
4,4
5,5
6,6
7,7
8,8
9,9
10,10
28,11
12,12
13,13
14,14
16,15
16,16
17,17
18,18
19,19
20,20
21,21
22,22
23,23
24,24
25,25
26,26
27,27
12,28
29,29
30,30
31,31
32,32
9,33
34,34
35,35
36,36
37,37
38,38
39,39
40,40
41,41
42,42
43,43
44,44
45,45
46,46
47,47
48,48
49,49
50,50
51,51
52,52
53,53
54,54
55,55
56,56
57,57
58,58
59,59
45,0
1,1
2,2
3,3
4,4
5,5
13,6
7,7
8,8
9,9
10,10
29,11
11,12
13,13
14,14
16,15
16,16
17,17
18,18
19,19
20,20
21,21
22,22
23,23
24,24
25,25
26,26
27,27
28,28
29,29
30,30
31,31
32,32
33,33
34,34
35,35
36,36
37,37
38,38
39,39
43,40
41,41
42,42
43,43
44,44
45,45
46,46
47,47
48,48
49,49
50,50
51,51
52,52
53,53
54,54
55,55
56,56
57,57
58,58
59,59
0,0
1,1
2,2
3,3
44,4
5,5
6,6
7,7
8,8
39,9
10,10
11,11
12,12
13,13
14,14
16,15
16,16
1,17
18,18
19,19
20,20
21,21
22,22
23,23
24,24
25,25
26,26
27,27
40,28
29,29
30,30
31,31
32,32
33,33
34,34
35,35
36,36
37,37
38,38
39,39
40,40
41,41
42,42
43,43
44,44
45,45
46,46
47,47
48,48
6,49
50,50
51,51
52,52
53,53
54,54
55,55
56,56
57,57
58,58
58,59
0,0
1,1
2,2
3,3
4,4
5,5
6,6
7,7
8,8
9,9
10,10
28,11
12,12
13,13
14,14
16,15
16,16
17,17
18,18
19,19
20,20
21,21
22,22
23,23
24,24
25,25
26,26
27,27
9,28
29,29
30,30
31,31
32,32
33,33
34,34
35,35
36,36
37,37
38,38
39,39
27,40
41,41
42,42
31,43
44,44
45,45
46,46
47,47
48,48
49,49
50,50
51,51
52,52
53,53
54,54
55,55
56,56
57,57
58,58
59,59
0,0
1,1
2,2
0,3
44,4
5,5
6,6
42,7
8,8
9,9
10,10
28,11
12,12
13,13
14,14
15,15
16,16
1,17
18,18
1,19
20,20
19,21
22,22
25,23
4,24
25,25
26,26
37,27
24,28
1,29
30,30
30,31
32,32
33,33
34,34
35,35
36,36
37,37
38,38
39,39
27,40
41,41
42,42
43,43
50,44
45,45
46,46
47,47
22,48
51,49
50,50
51,51
52,52
53,53
54,54
55,55
56,56
57,57
58,58
59,59
0,0
1,1
2,2
3,3
4,4
5,5
6,6
7,7
8,8
33,9
10,10
10,11
12,12
13,13
14,14
16,15
16,16
17,17
18,18
19,19
20,20
21,21
22,22
23,23
24,24
25,25
26,26
27,27
28,28
29,29
30,30
31,31
32,32
33,33
34,34
35,35
36,36
37,37
39,38
39,39
40,40
41,41
42,42
43,43
44,44
45,45
46,46
47,47
48,48
49,49
50,50
51,51
52,52
53,53
54,54
55,55
56,56
57,57
58,58
59,59
0,0
1,1
0,2
3,3
4,4
5,5
6,6
7,7
8,8
9,9
10,10
29,11
12,12
13,13
14,14
15,15
16,16
17,17
18,18
19,19
20,20
21,21
22,22
23,23
24,24
25,25
26,26
27,27
28,28
29,29
30,30
31,31
32,32
33,33
34,34
35,35
36,36
37,37
38,38
39,39
40,40
41,41
42,42
43,43
44,44
45,45
46,46
47,47
48,48
49,49
50,50
51,51
52,52
53,53
54,54
55,55
56,56
57,57
58,58
59,59
0,0
1,1
2,2
3,3
4,4
5,5
6,6
7,7
8,8
38,9
10,10
11,11
12,12
13,13
14,14
15,15
16,16
17,17
18,18
19,19
20,20
21,21
22,22
23,23
24,24
25,25
26,26
0,27
10,28
29,29
30,30
31,31
38,32
33,33
34,34
35,35
36,36
37,37
39,38
39,39
40,40
41,41
42,42
43,43
44,44
45,45
46,46
47,47
48,48
49,49
50,50
51,51
52,52
53,53
54,54
55,55
56,56
57,57
58,58
59,59
0,0
1,1
2,2
3,3
4,4
5,5
6,6
7,7
8,8
9,9
10,10
11,11
12,12
13,13
14,14
15,15
16,16
17,17
18,18
19,19
20,20
21,21
22,22
23,23
24,24
25,25
26,26
27,27
28,28
29,29
30,30
31,31
32,32
33,33
34,34
35,35
36,36
37,37
38,38
39,39
38,40
41,41
42,42
0,43
44,44
45,45
46,46
47,47
48,48
49,49
50,50
51,51
52,52
53,53
54,54
55,55
56,56
57,57
58,58
59,59
0,0
1,1
2,2
3,3
44,4
5,5
6,6
7,7
8,8
9,9
10,10
10,11
12,12
13,13
14,14
16,15
16,16
17,17
18,18
19,19
20,20
21,21
22,22
23,23
24,24
25,25
26,26
27,27
28,28
29,29
31,30
31,31
32,32
33,33
34,34
35,35
36,36
37,37
39,38
39,39
40,40
41,41
42,42
43,43
44,44
45,45
46,46
47,47
48,48
49,49
50,50
51,51
52,52
53,53
54,54
55,55
56,56
57,57
58,58
59,59
0,0
1,1
0,2
19,3
4,4
5,5
6,6
7,7
8,8
9,9
9,10
29,11
12,12
13,13
14,14
15,15
8,16
1,17
18,18
19,19
20,20
21,21
22,22
23,23
24,24
25,25
26,26
27,27
28,28
29,29
30,30
31,31
32,32
33,33
34,34
35,35
36,36
37,37
38,38
39,39
40,40
41,41
42,42
43,43
44,44
45,45
30,46
47,47
48,48
49,49
50,50
51,51
52,52
53,53
54,54
55,55
56,56
57,57
58,58
59,59
0,0
1,1
2,2
3,3
4,4
5,5
6,6
7,7
8,8
33,9
28,10
11,11
33,12
13,13
14,14
16,15
16,16
17,17
18,18
19,19
20,20
21,21
22,22
23,23
24,24
25,25
26,26
27,27
12,28
29,29
30,30
31,31
32,32
33,33
34,34
35,35
36,36
37,37
38,38
39,39
40,40
41,41
42,42
36,43
44,44
45,45
46,46
47,47
48,48
49,49
50,50
51,51
52,52
53,53
54,54
55,55
56,56
57,57
58,58
59,59
0,0
1,1
0,2
3,3
4,4
5,5
13,6
7,7
8,8
9,9
10,10
29,11
12,12
13,13
14,14
15,15
15,16
17,17
18,18
19,19
20,20
21,21
22,22
23,23
24,24
25,25
26,26
27,27
29,28
29,29
30,30
31,31
32,32
33,33
34,34
35,35
36,36
37,37
38,38
39,39
40,40
41,41
42,42
43,43
44,44
45,45
46,46
47,47
22,48
49,49
50,50
51,51
52,52
53,53
54,54
55,55
56,56
57,57
58,58
59,59
0,0
1,1
2,2
3,3
4,4
5,5
6,6
7,7
8,8
33,9
28,10
11,11
12,12
13,13
14,14
16,15
16,16
1,17
18,18
19,19
40,20
21,21
39,22
23,23
24,24
25,25
26,26
27,27
28,28
29,29
30,30
31,31
32,32
33,33
34,34
35,35
40,36
37,37
38,38
39,39
40,40
41,41
42,42
36,43
44,44
45,45
3,46
47,47
48,48
49,49
50,50
51,51
52,52
53,53
54,54
55,55
56,56
57,57
58,58
59,59
0,0
1,1
0,2
3,3
4,4
5,5
6,6
7,7
8,8
9,9
10,10
28,11
12,12
13,13
14,14
15,15
16,16
1,17
18,18
19,19
20,20
21,21
22,22
23,23
24,24
25,25
26,26
27,27
10,28
29,29
30,30
31,31
32,32
33,33
34,34
35,35
40,36
37,37
38,38
39,39
40,40
41,41
42,42
43,43
44,44
45,45
46,46
47,47
48,48
49,49
50,50
51,51
52,52
53,53
54,54
55,55
49,56
57,57
58,58
59,59
0,0
1,1
2,2
3,3
4,4
5,5
6,6
7,7
8,8
9,9
28,10
11,11
12,12
13,13
14,14
15,15
16,16
17,17
18,18
19,19
20,20
21,21
22,22
23,23
24,24
25,25
26,26
27,27
10,28
29,29
30,30
30,31
32,32
33,33
34,34
35,35
36,36
37,37
38,38
39,39
40,40
41,41
42,42
43,43
44,44
45,45
46,46
47,47
48,48
49,49
50,50
51,51
52,52
53,53
54,54
55,55
56,56
57,57
58,58
59,59
46,0
18,1
27,2
3,3
4,4
5,5
54,6
3,7
31,8
31,9
19,10
31,11
31,12
13,13
13,14
14,15
36,16
17,17
18,18
3,19
3,20
22,21
22,22
23,23
4,24
25,25
26,26
27,27
12,28
3,29
3,30
9,31
3,32
36,33
34,34
3,35
3,36
48,37
38,38
39,39
40,40
41,41
42,42
43,43
44,44
45,45
46,46
47,47
48,48
49,49
50,50
51,51
52,52
53,53
54,54
55,55
56,56
57,57
58,58
59,59
0,0
24,1
2,2
3,3
34,4
5,5
6,6
7,7
8,8
9,9
10,10
2,11
12,12
13,13
14,14
10,15
16,16
17,17
18,18
19,19
20,20
21,21
22,22
23,23
24,24
25,25
26,26
27,27
24,28
29,29
30,30
31,31
32,32
33,33
34,34
35,35
36,36
37,37
38,38
39,39
38,40
41,41
42,42
43,43
44,44
45,45
46,46
47,47
48,48
49,49
50,50
51,51
52,52
53,53
54,54
55,55
56,56
57,57
58,58
59,59
0,0
12,1
2,2
21,3
4,4
5,5
6,6
7,7
8,8
9,9
10,10
11,11
12,12
13,13
13,14
16,15
16,16
17,17
18,18
19,19
20,20
21,21
22,22
41,23
24,24
25,25
26,26
27,27
29,28
56,29
30,30
31,31
32,32
33,33
34,34
35,35
36,36
37,37
38,38
39,39
40,40
23,41
42,42
43,43
44,44
45,45
46,46
47,47
48,48
49,49
50,50
51,51
52,52
53,53
54,54
55,55
56,56
57,57
58,58
59,59
0,0
1,1
2,2
45,3
44,4
15,5
6,6
7,7
8,8
9,9
2,10
11,11
45,12
13,13
14,14
16,15
15,16
17,17
18,18
19,19
20,20
15,21
19,22
23,23
24,24
25,25
26,26
27,27
29,28
9,29
30,30
31,31
32,32
33,33
34,34
29,35
2,36
37,37
38,38
39,39
40,40
41,41
42,42
43,43
44,44
45,45
46,46
47,47
48,48
45,49
50,50
51,51
52,52
53,53
54,54
55,55
56,56
57,57
58,58
59,59
0,0
12,1
2,2
3,3
4,4
5,5
6,6
7,7
8,8
9,9
10,10
11,11
12,12
13,13
14,14
16,15
16,16
18,17
18,18
19,19
20,20
21,21
22,22
41,23
24,24
25,25
26,26
27,27
33,28
28,29
30,30
31,31
32,32
33,33
34,34
35,35
36,36
37,37
38,38
39,39
40,40
41,41
42,42
43,43
44,44
45,45
46,46
47,47
48,48
49,49
50,50
51,51
52,52
53,53
54,54
55,55
56,56
57,57
58,58
59,59
0,0
24,1
2,2
3,3
34,4
5,5
6,6
7,7
8,8
9,9
10,10
11,11
12,12
13,13
13,14
16,15
15,16
17,17
18,18
19,19
20,20
21,21
22,22
23,23
24,24
25,25
26,26
27,27
10,28
29,29
30,30
31,31
32,32
33,33
34,34
35,35
36,36
37,37
38,38
39,39
38,40
41,41
42,42
43,43
44,44
45,45
46,46
47,47
48,48
49,49
50,50
51,51
52,52
53,53
54,54
55,55
56,56
57,57
58,58
59,59
9,0
1,1
2,2
21,3
4,4
5,5
6,6
7,7
8,8
9,9
9,10
11,11
48,12
13,13
14,14
16,15
16,16
3,17
18,18
19,19
20,20
21,21
22,22
41,23
24,24
25,25
26,26
27,27
29,28
29,29
30,30
31,31
32,32
44,33
34,34
28,35
2,36
37,37
38,38
39,39
43,40
41,41
42,42
43,43
38,44
40,45
46,46
47,47
48,48
49,49
50,50
51,51
52,52
53,53
54,54
55,55
56,56
57,57
58,58
59,59
0,0
1,1
2,2
3,3
34,4
34,5
6,6
7,7
8,8
9,9
12,10
11,11
12,12
13,13
14,14
15,15
16,16
1,17
18,18
19,19
20,20
21,21
22,22
23,23
24,24
25,25
26,26
27,27
28,28
29,29
30,30
31,31
32,32
33,33
34,34
35,35
10,36
37,37
19,38
39,39
38,40
41,41
42,42
43,43
44,44
45,45
46,46
47,47
48,48
51,49
50,50
51,51
52,52
53,53
54,54
55,55
56,56
56,57
58,58
59,59
0,0
1,1
2,2
3,3
4,4
5,5
6,6
42,7
8,8
9,9
12,10
11,11
12,12
13,13
14,14
15,15
15,16
17,17
18,18
19,19
20,20
21,21
22,22
23,23
24,24
25,25
26,26
27,27
33,28
29,29
30,30
31,31
32,32
32,33
34,34
35,35
36,36
37,37
38,38
39,39
40,40
45,41
42,42
43,43
44,44
45,45
46,46
47,47
48,48
49,49
50,50
51,51
52,52
53,53
54,54
55,55
56,56
57,57
58,58
59,59
0,0
1,1
2,2
3,3
6,6
7,7
8,8
9,9
10,10
2,11
12,12
13,13
14,14
15,15
16,16
17,17
18,18
0,19
20,20
21,21
39,22
23,23
45,24
25,25
26,26
27,27
29,28
29,29
30,30
31,31
32,32
9,33
34,34
35,35
36,36
37,37
19,38
39,39
40,40
41,41
42,42
43,43
44,44
45,45
46,46
47,47
48,48
49,49
50,50
51,51
52,52
53,53
54,54
55,55
56,56
56,57
58,58
59,59
0,0
1,1
2,2
3,3
4,4
5,5
6,6
42,7
8,8
39,9
10,10
11,11
33,12
13,13
14,14
15,15
15,16
17,17
18,18
19,19
20,20
21,21
22,22
23,23
24,24
25,25
26,26
27,27
33,28
29,29
30,30
31,31
32,32
33,33
34,34
35,35
48,36
37,37
38,38
39,39
40,40
45,41
42,42
43,43
44,44
45,45
46,46
47,47
48,48
49,49
50,50
51,51
52,52
53,53
54,54
55,55
56,56
53,57
58,58
59,59
0,0
1,1
2,2
3,3
4,4
5,5
6,6
7,7
8,8
3,9
12,10
29,11
12,12
13,13
14,14
15,15
16,16
1,17
18,18
19,19
20,20
21,21
22,22
23,23
24,24
25,25
26,26
27,27
10,28
9,29
30,30
31,31
32,32
33,33
34,34
35,35
36,36
37,37
13,38
39,39
40,40
41,41
42,42
43,43
44,44
45,45
46,46
47,47
48,48
49,49
50,50
51,51
52,52
53,53
54,54
55,55
56,56
57,57
58,58
58,59
0,0
18,1
46,2
36,3
4,4
5,5
6,6
42,7
1,10
15,11
12,12
5,13
33,14
15,15
16,16
17,17
18,18
48,19
20,20
21,21
22,22
23,23
25,25
26,26
17,27
4,28
29,29
30,30
31,31
32,32
32,33
5,34
43,35
48,36
37,37
38,38
39,39
40,40
40,41
42,42
43,43
38,44
45,45
45,46
47,47
48,48
49,49
50,50
51,51
52,52
53,53
54,54
55,55
56,56
57,57
58,58
59,59
0,0
1,1
2,2
3,3
4,4
5,5
6,6
7,7
8,8
9,9
10,10
11,11
33,12
13,13
14,14
23,15
16,16
17,17
18,18
19,19
20,20
21,21
22,22
23,23
24,24
25,25
26,26
27,27
28,28
29,29
31,30
31,31
32,32
33,33
34,34
35,35
36,36
37,37
38,38
39,39
38,40
41,41
42,42
43,43
44,44
45,45
3,46
47,47
48,48
49,49
50,50
51,51
52,52
53,53
54,54
55,55
56,56
57,57
58,58
59,59
0,0
1,1
2,2
43,3
44,4
5,5
6,6
7,7
8,8
9,9
12,10
29,11
12,12
13,13
13,14
15,15
16,16
17,17
18,18
19,19
20,20
21,21
22,22
23,23
24,24
25,25
26,26
27,27
14,28
29,29
30,30
31,31
32,32
33,33
34,34
35,35
46,36
37,37
38,38
39,39
40,40
41,41
42,42
43,43
44,44
45,45
46,46
47,47
48,48
49,49
50,50
51,51
52,52
53,53
54,54
55,55
56,56
57,57
58,58
59,59
0,0
1,1
2,2
3,3
4,4
5,5
6,6
7,7
8,8
9,9
10,10
11,11
12,12
6,13
14,14
16,15
16,16
17,17
18,18
19,19
20,20
21,21
31,22
23,23
24,24
25,25
26,26
27,27
28,28
11,29
30,30
31,31
32,32
33,33
34,34
35,35
28,36
37,37
38,38
39,39
40,40
41,41
42,42
43,43
44,44
45,45
45,46
47,47
48,48
49,49
50,50
51,51
52,52
53,53
54,54
55,55
56,56
57,57
58,58
59,59
0,0
1,1
2,2
3,3
4,4
5,5
6,6
7,7
8,8
9,9
10,10
28,11
12,12
13,13
13,14
15,15
16,16
17,17
18,18
19,19
20,20
21,21
22,22
23,23
24,24
25,25
26,26
27,27
12,28
29,29
31,30
31,31
32,32
33,33
34,34
35,35
36,36
37,37
38,38
39,39
40,40
41,41
42,42
43,43
44,44
45,45
46,46
47,47
48,48
49,49
50,50
51,51
52,52
53,53
54,54
55,55
56,56
57,57
58,58
59,59
0,0
2,2
4,4
5,5
6,6
7,7
8,8
57,9
10,10
11,11
12,12
13,13
14,14
16,15
16,16
17,17
18,18
19,19
20,20
21,21
22,22
23,23
24,24
25,25
26,26
27,27
10,28
29,29
30,30
31,31
32,32
33,33
34,34
35,35
36,36
37,37
38,38
39,39
38,40
41,41
42,42
43,43
44,44
45,45
46,46
47,47
48,48
49,49
50,50
51,51
49,52
53,53
54,54
55,55
56,56
57,57
58,58
59,59
0,0
12,1
0,2
3,3
44,4
5,5
6,6
7,7
8,8
10,9
10,10
29,11
12,12
13,13
13,14
15,15
15,16
17,17
18,18
19,19
20,20
21,21
22,22
23,23
24,24
25,25
26,26
0,27
45,28
32,29
30,30
31,31
32,32
33,33
34,34
35,35
36,36
37,37
38,38
39,39
40,40
41,41
42,42
43,43
44,44
45,45
46,46
47,47
48,48
49,49
50,50
51,51
52,52
53,53
54,54
55,55
56,56
57,57
58,58
58,59
0,0
1,1
2,2
3,3
4,4
5,5
6,6
7,7
8,8
9,9
10,10
11,11
12,12
13,13
14,14
15,15
16,16
43,17
18,18
21,19
21,20
22,21
22,22
23,23
16,24
25,25
26,26
13,27
14,28
29,29
22,30
31,31
32,32
33,33
34,34
35,35
36,36
37,37
38,38
39,39
40,40
41,41
42,42
43,43
44,44
45,45
46,46
47,47
48,48
49,49
50,50
51,51
52,52
53,53
54,54
55,55
56,56
57,57
58,58
59,59
0,0
1,1
2,2
3,3
4,4
5,5
23,6
7,7
8,8
9,9
10,10
29,11
12,12
13,13
14,14
15,15
30,16
1,17
35,18
19,19
20,20
21,21
22,22
23,23
15,24
25,25
26,26
27,27
12,28
29,29
30,30
44,31
32,32
33,33
34,34
35,35
36,36
37,37
38,38
39,39
2,40
41,41
42,42
43,43
44,44
45,45
46,46
15,47
48,48
49,49
50,50
51,51
52,52
53,53
54,54
55,55
56,56
57,57
58,58
59,59
0,0
1,1
2,2
21,3
4,4
5,5
6,6
7,7
8,8
9,9
28,10
28,11
12,12
13,13
14,14
15,15
16,16
17,17
18,18
19,19
20,20
21,21
22,22
23,23
24,24
25,25
26,26
0,27
55,28
29,29
30,30
31,31
32,32
33,33
34,34
27,35
17,36
37,37
38,38
39,39
40,40
41,41
42,42
43,43
44,44
45,45
46,46
47,47
48,48
49,49
50,50
51,51
52,52
53,53
54,54
55,55
56,56
57,57
58,58
59,59
0,0
1,1
2,2
3,3
4,4
5,5
25,6
7,7
8,8
21,9
46,10
11,11
12,12
13,13
14,14
15,15
16,16
17,17
18,18
19,19
20,20
21,21
22,22
23,23
8,24
25,25
26,26
11,27
31,28
11,29
8,30
39,31
32,32
19,33
34,34
35,35
36,36
37,37
38,38
39,39
3,40
41,41
42,42
43,43
44,44
24,45
46,46
47,47
48,48
49,49
50,50
51,51
52,52
53,53
54,54
55,55
56,56
57,57
58,58
59,59
21,0
20,1
29,2
46,3
4,4
5,5
6,6
7,7
36,9
10,10
11,11
13,12
13,13
14,14
4,23
26,26
11,29
18,30
46,31
11,32
21,33
34,34
9,35
10,36
48,37
38,38
39,39
40,40
41,41
42,42
43,43
44,44
45,45
46,46
47,47
48,48
49,49
50,50
51,51
52,52
53,53
54,54
55,55
56,56
57,57
58,58
59,59
1,0
1,1
21,3
4,4
5,5
6,6
7,7
8,8
22,9
29,10
29,11
12,12
13,13
14,14
15,15
40,16
1,17
18,18
18,19
20,20
21,21
30,22
23,23
15,24
25,25
26,26
32,27
46,28
29,29
38,30
46,31
32,32
43,33
34,34
35,35
9,36
37,37
32,38
39,39
0,40
41,41
42,42
43,43
44,44
45,45
3,46
16,47
48,48
49,49
23,50
51,51
54,52
9,53
54,54
55,55
40,56
39,57
58,58
59,59
0,0
36,1
2,2
3,3
4,4
5,5
6,6
7,7
8,8
9,9
10,10
29,11
12,12
13,13
14,14
16,15
16,16
17,17
18,18
19,19
20,20
21,21
22,22
23,23
24,24
25,25
26,26
27,27
47,28
29,29
30,30
31,31
32,32
33,33
34,34
29,35
36,36
37,37
38,38
39,39
40,40
41,41
42,42
37,43
44,44
45,45
3,46
15,47
48,48
49,49
50,50
51,51
52,52
53,53
54,54
55,55
56,56
57,57
58,58
59,59
0,0
1,1
2,2
3,3
4,4
5,5
13,6
7,7
8,8
9,9
12,10
29,11
12,12
13,13
14,14
16,15
16,16
17,17
18,18
19,19
20,20
21,21
22,22
41,23
45,24
25,25
26,26
27,27
12,28
29,29
22,30
31,31
32,32
33,33
34,34
35,35
36,36
37,37
38,38
39,39
47,40
41,41
42,42
43,43
44,44
45,45
46,46
47,47
48,48
51,49
50,50
51,51
52,52
53,53
54,54
55,55
56,56
57,57
58,58
59,59
36,1
20,3
4,4
5,5
6,6
7,7
8,8
9,9
32,10
29,11
19,12
14,14
16,15
16,16
17,17
18,18
19,19
20,20
21,21
22,22
41,23
24,24
25,25
26,26
27,27
47,28
29,29
30,30
31,31
32,32
33,33
34,34
35,35
36,36
37,37
38,38
39,39
40,40
41,41
42,42
2,43
44,44
45,45
3,46
47,47
48,48
35,49
58,50
51,51
52,52
53,53
54,54
55,55
56,56
57,57
58,58
59,59
0,0
18,1
2,2
3,3
4,4
5,5
13,6
7,7
8,8
9,9
10,10
29,11
12,12
13,13
14,14
15,15
16,16
17,17
18,18
19,19
20,20
21,21
22,22
41,23
15,24
25,25
26,26
27,27
12,28
11,29
22,30
31,31
32,32
33,33
34,34
35,35
36,36
37,37
38,38
39,39
34,40
41,41
42,42
43,43
44,44
45,45
46,46
47,47
48,48
51,49
50,50
51,51
52,52
53,53
54,54
55,55
56,56
57,57
58,58
59,59
0,0
1,1
2,2
19,3
4,4
5,5
6,6
7,7
8,8
9,9
14,10
11,11
13,12
13,13
14,14
16,15
16,16
17,17
18,18
19,19
20,20
21,21
22,22
23,23
24,24
25,25
26,26
27,27
47,28
29,29
30,30
30,31
32,32
33,33
34,34
35,35
36,36
37,37
38,38
39,39
40,40
41,41
42,42
43,43
44,44
45,45
46,46
47,47
48,48
53,49
50,50
51,51
52,52
53,53
54,54
55,55
55,56
57,57
58,58
59,59
0,0
0,1
2,2
3,3
24,4
5,5
13,6
7,7
8,8
0,9
12,10
11,11
9,12
13,13
14,14
14,15
16,16
17,17
18,18
19,19
20,20
21,21
22,22
41,23
16,24
25,25
26,26
27,27
1,28
29,29
22,30
31,31
32,32
33,33
5,34
35,35
36,36
19,37
38,38
39,39
40,40
41,41
42,42
43,43
45,44
45,45
46,46
47,47
48,48
50,49
50,50
51,51
52,52
53,53
54,54
55,55
56,56
57,57
58,58
59,59
0,0
1,1
2,2
3,3
4,4
5,5
6,6
7,7
8,8
9,9
10,10
10,11
12,12
13,13
14,14
16,15
29,16
17,17
18,18
19,19
20,20
21,21
22,22
23,23
24,24
25,25
26,26
2,27
14,28
29,29
31,30
31,31
32,32
33,33
34,34
35,35
36,36
37,37
38,38
39,39
43,40
41,41
42,42
39,43
44,44
45,45
46,46
47,47
48,48
49,49
50,50
51,51
52,52
53,53
54,54
55,55
56,56
57,57
58,58
59,59
0,0
1,1
46,2
3,3
14,4
5,5
41,6
7,7
8,8
12,9
28,10
31,11
9,12
13,13
14,14
15,15
10,16
19,17
20,18
20,20
21,21
9,22
23,23
44,24
25,25
26,26
0,27
10,28
29,29
31,30
31,31
32,32
33,33
34,34
35,35
36,36
37,37
38,38
39,39
40,40
41,41
42,42
43,43
44,44
45,45
46,46
47,47
48,48
49,49
50,50
51,51
52,52
53,53
54,54
55,55
56,56
57,57
58,58
59,59
0,0
1,1
3,2
3,3
4,4
5,5
6,6
7,7
8,8
9,9
10,10
11,11
12,12
13,13
14,14
16,15
16,16
19,17
18,18
19,19
20,20
3,21
22,22
23,23
24,24
25,25
26,26
27,27
54,28
29,29
31,30
31,31
18,32
33,33
34,34
35,35
36,36
37,37
38,38
39,39
40,40
41,41
42,42
3,43
44,44
45,45
46,46
47,47
48,48
49,49
50,50
51,51
52,52
53,53
54,54
55,55
52,56
57,57
58,58
59,59
0,0
1,1
3,2
3,3
14,4
5,5
42,6
7,7
8,8
9,9
10,10
31,11
12,12
35,13
14,14
16,15
15,16
1,17
20,18
19,19
20,20
21,21
9,22
23,23
12,24
25,25
26,26
27,27
10,28
29,29
31,30
28,31
32,32
33,33
34,34
35,35
36,36
37,37
38,38
39,39
40,40
41,41
42,42
43,43
44,44
45,45
46,46
47,47
12,48
49,49
50,50
51,51
52,52
53,53
54,54
55,55
56,56
57,57
58,58
59,59
0,0
1,1
2,2
3,3
4,4
5,5
6,6
7,7
8,8
9,9
10,10
11,11
12,12
13,13
14,14
16,15
16,16
17,17
18,18
19,19
20,20
21,21
22,22
23,23
24,24
25,25
26,26
27,27
14,28
29,29
31,30
31,31
32,32
33,33
34,34
35,35
36,36
37,37
38,38
39,39
40,40
41,41
42,42
43,43
44,44
45,45
46,46
47,47
48,48
49,49
50,50
51,51
52,52
53,53
54,54
55,55
55,56
55,57
58,58
59,59
0,0
18,1
3,2
3,3
13,4
34,5
41,6
42,7
8,8
12,9
10,10
17,11
9,12
13,13
14,14
35,15
45,16
19,17
20,18
19,19
20,20
22,21
22,22
41,23
2,24
25,25
26,26
27,27
10,28
27,29
10,30
31,31
39,32
33,33
34,34
35,35
36,36
37,37
12,38
39,39
40,40
41,41
43,43
44,44
14,45
0,46
47,47
33,48
49,49
56,50
51,51
56,52
53,53
54,54
55,55
56,56
57,57
58,58
59,59
0,0
1,1
0,2
3,3
4,4
16,5
6,6
7,7
8,8
9,9
10,10
11,11
12,12
13,13
14,14
16,15
16,16
17,17
18,18
19,19
20,20
21,21
0,22
23,23
24,24
25,25
26,26
2,27
11,28
29,29
31,30
31,31
32,32
33,33
34,34
35,35
36,36
37,37
38,38
39,39
34,40
41,41
42,42
40,43
44,44
45,45
46,46
47,47
48,48
49,49
50,50
51,51
52,52
53,53
54,54
55,55
56,56
57,57
58,58
59,59
0,0
1,1
46,2
3,3
4,4
15,5
6,6
7,7
8,8
33,9
11,10
10,11
12,12
13,13
14,14
16,15
16,16
17,17
18,18
19,19
20,20
21,21
22,22
23,23
24,24
25,25
26,26
17,27
12,28
29,29
22,30
31,31
32,32
33,33
34,34
35,35
36,36
37,37
38,38
39,39
46,40
41,41
42,42
43,43
47,44
45,45
46,46
47,47
48,48
52,49
50,50
54,51
52,52
53,53
54,54
55,55
56,56
57,57
58,58
59,59
0,0
1,1
2,2
3,3
23,4
5,5
6,6
7,7
8,8
9,9
10,10
11,11
48,12
13,13
14,14
16,15
16,16
17,17
18,18
19,19
20,20
21,21
0,22
23,23
24,24
25,25
26,26
0,27
11,28
29,29
31,30
31,31
32,32
33,33
34,34
35,35
36,36
37,37
38,38
39,39
34,40
41,41
42,42
11,43
40,44
44,45
46,46
47,47
9,48
49,49
50,50
51,51
52,52
53,53
54,54
55,55
52,56
57,57
58,58
59,59
0,0
1,1
46,2
3,3
4,4
5,5
6,6
7,7
8,8
9,9
11,10
11,11
12,12
13,13
14,14
16,15
34,16
17,17
18,18
19,19
20,20
21,21
22,22
23,23
24,24
25,25
26,26
17,27
1,28
10,29
22,30
31,31
46,32
33,33
34,34
35,35
36,36
37,37
38,38
19,39
40,40
41,41
42,42
3,43
44,44
45,45
46,46
47,47
48,48
55,49
50,50
51,51
52,52
53,53
54,54
55,55
56,56
57,57
58,58
59,59
0,0
1,1
2,2
3,3
4,4
41,5
6,6
7,7
8,8
9,9
10,10
11,11
12,12
13,13
14,14
16,15
16,16
17,17
18,18
19,19
20,20
21,21
48,22
23,23
24,24
25,25
26,26
0,27
11,28
29,29
31,30
31,31
32,32
33,33
34,34
35,35
36,36
37,37
38,38
39,39
34,40
41,41
42,42
43,43
44,44
45,45
46,46
15,47
48,48
49,49
50,50
51,51
52,52
53,53
54,54
55,55
56,56
57,57
58,58
59,59
0,0
1,1
46,2
13,3
4,4
5,5
13,6
42,7
8,8
33,9
28,10
11,11
12,12
13,13
14,14
16,15
16,16
17,17
18,18
19,19
20,20
21,21
22,22
23,23
44,24
45,25
26,26
27,27
12,28
29,29
22,30
30,31
46,32
33,33
34,34
35,35
17,36
37,37
38,38
17,39
45,40
41,41
42,42
43,43
44,44
44,45
46,46
47,47
48,48
52,49
50,50
51,51
52,52
53,53
54,54
54,55
56,56
57,57
58,58
59,59
0,0
2,1
2,2
3,3
4,4
5,5
6,6
7,7
8,8
9,9
10,10
29,11
33,12
13,13
14,14
15,15
16,16
0,17
18,18
19,19
20,20
21,21
22,22
23,23
24,24
25,25
26,26
27,27
10,28
29,29
31,30
31,31
32,32
33,33
34,34
35,35
36,36
37,37
38,38
39,39
43,40
41,41
42,42
43,43
44,44
45,45
46,46
47,47
48,48
49,49
50,50
51,51
52,52
53,53
54,54
55,55
55,56
57,57
58,58
59,59
0,0
1,1
2,2
3,3
24,4
34,5
6,6
7,7
8,8
11,9
10,10
29,11
12,12
13,13
14,14
15,15
16,16
17,17
18,18
19,19
20,20
21,21
22,22
23,23
17,24
25,25
26,26
2,27
10,28
29,29
30,30
31,31
11,32
10,33
34,34
35,35
36,36
37,37
38,38
39,39
46,40
41,41
42,42
14,43
44,44
45,45
46,46
15,47
48,48
51,49
50,50
51,51
52,52
53,53
54,54
55,55
6,56
4,57
58,58
59,59
0,0
12,1
0,2
48,3
4,4
5,5
6,6
7,7
8,8
9,9
10,10
11,11
9,12
13,13
14,14
15,15
16,16
17,17
18,18
19,19
20,20
21,21
22,22
23,23
17,24
25,25
26,26
19,27
29,28
29,29
30,30
31,31
32,32
33,33
5,34
35,35
36,36
37,37
38,38
39,39
43,40
41,41
42,42
43,43
44,44
45,45
46,46
47,47
13,48
49,49
50,50
51,51
52,52
53,53
54,54
55,55
55,56
57,57
58,58
59,59
0,0
1,1
2,2
3,3
4,4
5,5
6,6
7,7
8,8
29,9
10,10
35,11
12,12
13,13
14,14
15,15
16,16
17,17
18,18
19,19
20,20
21,21
22,22
23,23
24,24
25,25
26,26
17,27
11,28
29,29
30,30
31,31
32,32
33,33
34,34
35,35
36,36
37,37
38,38
39,39
3,40
41,41
42,42
0,43
44,44
45,45
3,46
15,47
48,48
49,49
50,50
59,51
52,52
53,53
54,54
55,55
56,56
57,57
58,58
59,59
19,0
10,1
2,2
3,3
4,4
5,5
6,6
7,7
8,8
9,9
10,10
29,11
12,12
13,13
14,14
16,15
16,16
17,17
18,18
19,19
20,20
21,21
22,22
23,23
17,24
25,25
26,26
27,27
29,28
29,29
30,30
31,31
46,32
33,33
47,34
35,35
36,36
37,37
38,38
39,39
43,40
41,41
42,42
43,43
44,44
45,45
46,46
47,47
48,48
49,49
50,50
51,51
52,52
53,53
54,54
55,55
55,56
57,57
58,58
59,59
0,0
1,1
2,2
3,3
4,4
5,5
41,6
7,7
8,8
9,9
10,10
29,11
12,12
13,13
14,14
15,15
16,16
17,17
18,18
19,19
20,20
21,21
22,22
23,23
32,24
25,25
26,26
10,27
29,28
29,29
31,30
45,31
32,32
33,33
34,34
35,35
36,36
37,37
38,38
39,39
0,40
41,41
42,42
15,43
44,44
14,45
36,46
47,47
3,48
51,49
50,50
51,51
56,52
53,53
54,54
55,55
56,56
57,57
58,58
59,59
0,0
1,1
2,2
3,3
4,4
5,5
6,6
7,7
8,8
9,9
12,10
9,11
12,12
13,13
14,14
29,15
16,16
17,17
18,18
19,19
20,20
21,21
22,22
23,23
14,24
25,25
26,26
27,27
12,28
11,29
30,30
31,31
32,32
33,33
34,34
35,35
0,36
37,37
38,38
39,39
40,40
41,41
42,42
43,43
44,44
45,45
0,46
47,47
48,48
49,49
50,50
51,51
52,52
53,53
54,54
55,55
56,56
57,57
58,58
59,59
0,0
1,1
2,2
19,3
4,4
41,5
6,6
7,7
8,8
12,9
10,10
29,11
13,12
13,13
14,14
15,15
15,16
17,17
18,18
19,19
20,20
21,21
22,22
23,23
24,24
25,25
26,26
27,27
28,28
29,29
30,30
31,31
32,32
33,33
34,34
35,35
36,36
37,37
38,38
39,39
40,40
41,41
42,42
30,43
44,44
45,45
46,46
47,47
48,48
49,49
50,50
51,51
52,52
53,53
54,54
55,55
56,56
57,57
58,58
59,59
0,0
1,1
2,2
3,3
44,4
5,5
6,6
7,7
8,8
33,9
10,10
11,11
48,12
13,13
14,14
16,15
12,16
17,17
18,18
19,19
20,20
21,21
22,22
23,23
14,24
25,25
26,26
27,27
28,28
29,29
30,30
31,31
32,32
33,33
34,34
35,35
1,36
37,37
38,38
39,39
40,40
41,41
42,42
43,43
44,44
45,45
46,46
47,47
48,48
49,49
50,50
51,51
52,52
53,53
54,54
55,55
56,56
57,57
58,58
59,59
0,0
1,1
2,2
3,3
4,4
15,5
6,6
7,7
8,8
33,9
12,10
9,11
12,12
13,13
14,14
15,15
16,16
17,17
18,18
19,19
20,20
21,21
22,22
23,23
24,24
25,25
26,26
17,27
11,28
29,29
30,30
31,31
32,32
33,33
34,34
35,35
36,36
37,37
38,38
39,39
43,40
41,41
42,42
43,43
44,44
45,45
46,46
47,47
48,48
49,49
50,50
51,51
52,52
53,53
54,54
57,55
56,56
57,57
58,58
59,59
0,0
1,1
2,2
3,3
15,4
5,5
49,6
7,7
8,8
9,9
12,10
11,11
12,12
13,13
14,14
15,15
15,16
17,17
18,18
19,19
20,20
21,21
22,22
23,23
24,24
25,25
26,26
27,27
12,28
29,29
30,30
31,31
32,32
33,33
34,34
35,35
36,36
37,37
38,38
39,39
40,40
41,41
42,42
43,43
44,44
45,45
46,46
47,47
48,48
49,49
50,50
51,51
52,52
53,53
54,54
55,55
56,56
57,57
58,58
59,59
0,0
1,1
2,2
19,3
4,4
16,5
6,6
7,7
8,8
12,9
10,10
9,11
12,12
13,13
14,14
15,15
16,16
17,17
18,18
19,19
20,20
21,21
22,22
23,23
45,24
25,25
26,26
0,27
29,28
29,29
31,30
31,31
32,32
33,33
34,34
35,35
36,36
37,37
33,38
39,39
17,40
41,41
42,42
43,43
44,44
45,45
0,46
47,47
48,48
50,49
50,50
51,51
52,52
53,53
54,54
55,55
56,56
57,57
58,58
59,59
0,0
6,1
2,2
3,3
4,4
5,5
49,6
7,7
8,8
9,9
10,10
9,11
12,12
13,13
14,14
16,15
23,16
17,17
18,18
19,19
20,20
21,21
22,22
23,23
24,24
25,25
26,26
27,27
28,28
33,29
57,30
31,31
32,32
33,33
34,34
35,35
36,36
37,37
38,38
39,39
40,40
41,41
42,42
40,43
44,44
45,45
46,46
47,47
48,48
49,49
50,50
51,51
52,52
53,53
54,54
55,55
56,56
57,57
58,58
41,59
0,0
41,1
2,2
3,3
4,4
5,5
6,6
7,7
8,8
33,9
12,10
11,11
12,12
13,13
14,14
16,15
16,16
17,17
18,18
19,19
20,20
21,21
22,22
23,23
24,24
25,25
26,26
27,27
33,28
29,29
30,30
31,31
32,32
33,33
34,34
24,35
36,36
37,37
38,38
39,39
44,40
41,41
42,42
43,43
44,44
45,45
36,46
47,47
48,48
49,49
50,50
51,51
52,52
53,53
54,54
55,55
56,56
57,57
58,58
59,59
0,0
41,1
2,2
21,3
4,4
5,5
39,6
7,7
8,8
33,9
10,10
9,11
12,12
13,13
14,14
25,15
23,16
17,17
18,18
19,19
20,20
9,21
22,22
41,23
24,24
25,25
26,26
27,27
12,28
29,29
32,30
31,31
32,32
33,33
34,34
24,35
25,36
37,37
38,38
39,39
40,40
41,41
42,42
27,43
44,44
44,45
46,46
34,47
48,48
49,49
50,50
51,51
54,52
53,53
54,54
55,55
56,56
57,57
58,58
59,59
0,0
41,1
2,2
3,3
4,4
16,5
6,6
7,7
8,8
33,9
10,10
11,11
12,12
13,13
14,14
16,15
16,16
17,17
18,18
19,19
20,20
9,21
22,22
41,23
24,24
25,25
26,26
27,27
33,28
29,29
30,30
31,31
32,32
33,33
34,34
35,35
36,36
37,37
38,38
39,39
40,40
41,41
42,42
20,43
44,44
45,45
46,46
47,47
48,48
49,49
50,50
51,51
52,52
53,53
54,54
55,55
56,56
57,57
58,58
59,59
0,0
6,1
2,2
3,3
4,4
34,5
6,6
7,7
8,8
33,9
24,10
11,11
12,12
13,13
14,14
23,15
23,16
17,17
18,18
19,19
20,20
9,21
22,22
23,23
24,24
25,25
26,26
27,27
28,28
29,29
30,30
31,31
32,32
33,33
34,34
35,35
36,36
37,37
38,38
39,39
40,40
41,41
42,42
17,43
44,44
45,45
46,46
47,47
48,48
49,49
50,50
51,51
52,52
53,53
54,54
55,55
56,56
57,57
58,58
59,59
0,0
23,1
0,2
19,3
23,4
34,5
41,6
7,7
8,8
33,9
10,10
48,11
12,12
13,13
14,14
14,15
16,16
17,17
18,18
19,19
20,20
9,21
22,22
41,23
45,24
25,25
26,26
27,27
33,28
29,29
45,30
31,31
32,32
33,33
34,34
35,35
36,36
37,37
39,38
39,39
40,40
41,41
42,42
43,43
44,44
45,45
46,46
47,47
48,48
49,49
50,50
51,51
52,52
53,53
54,54
55,55
52,56
57,57
59,59
3,0
1,1
2,2
21,3
4,4
5,5
6,6
7,7
8,8
39,9
12,10
29,11
12,12
13,13
14,14
16,15
16,16
17,17
18,18
19,19
20,20
21,21
22,22
23,23
24,24
25,25
26,26
27,27
1,28
10,29
30,30
31,31
32,32
33,33
34,34
35,35
35,36
37,37
38,38
39,39
40,40
41,41
42,42
1,43
44,44
25,45
0,46
15,47
48,48
49,49
50,50
51,51
52,52
53,53
54,54
55,55
56,56
57,57
58,58
59,59
0,0
1,1
0,2
21,3
4,4
5,5
6,6
7,7
8,8
9,9
10,10
11,11
16,12
13,13
14,14
15,15
16,16
19,17
18,18
19,19
20,20
21,21
22,22
58,23
24,24
25,25
26,26
27,27
28,28
29,29
31,30
31,31
1,32
9,33
34,34
35,35
22,36
12,37
33,38
39,39
20,40
41,41
42,42
0,43
44,44
45,45
0,46
16,47
48,48
49,49
50,50
51,51
52,52
53,53
54,54
55,55
56,56
57,57
58,58
59,59
0,0
17,1
2,2
21,3
4,4
5,5
6,6
7,7
8,8
9,9
10,10
29,11
12,12
13,13
14,14
16,15
16,16
17,17
17,18
19,19
21,20
21,21
22,22
23,23
24,24
25,25
26,26
27,27
12,28
10,29
30,30
31,31
32,32
33,33
34,34
35,35
1,36
37,37
38,38
39,39
40,40
41,41
42,42
16,43
44,44
25,45
0,46
15,47
17,48
49,49
50,50
51,51
52,52
53,53
54,54
55,55
56,56
57,57
58,59
0,0
1,1
2,2
3,3
4,4
5,5
6,6
16,7
8,8
22,9
33,10
29,11
13,12
13,13
14,14
15,15
16,16
19,17
18,18
19,19
20,20
9,21
22,22
23,23
24,24
25,25
26,26
27,27
1,28
35,29
45,30
30,31
32,32
33,33
34,34
35,35
36,36
37,37
38,38
39,39
45,40
41,41
42,42
0,43
44,44
45,45
46,46
15,47
48,48
49,49
50,50
51,51
52,52
53,53
54,54
55,55
56,56
57,57
58,58
59,59
31,0
1,1
2,2
3,3
4,4
5,5
6,6
7,7
8,8
30,9
29,10
29,11
12,12
13,13
14,14
16,15
16,16
17,17
18,18
19,19
20,20
21,21
22,22
23,23
24,24
25,25
26,26
27,27
1,28
29,29
30,30
31,31
32,32
33,33
34,34
35,35
39,36
37,37
38,38
39,39
40,40
41,41
42,42
0,43
44,44
25,45
46,46
15,47
1,48
49,49
50,50
51,51
52,52
53,53
54,54
55,55
56,56
57,57
58,58
59,59
0,0
2,1
1,2
20,3
4,4
5,5
6,6
7,7
8,8
9,9
3,10
9,11
14,12
13,13
14,14
15,15
16,16
43,17
17,18
19,19
20,20
22,21
18,22
23,23
24,24
25,25
26,26
27,27
1,28
29,29
31,30
22,31
32,32
9,33
34,34
35,35
2,36
37,37
3,38
39,39
21,40
41,41
42,42
0,43
16,44
45,45
46,46
47,47
3,48
49,49
50,50
51,51
52,52
53,53
54,54
55,55
56,56
57,57
58,58
59,59
0,0
1,1
2,2
3,3
14,4
5,5
6,6
59,7
8,8
38,9
48,10
9,11
12,12
13,13
14,14
15,15
23,16
17,17
18,18
19,19
20,20
21,21
22,22
23,23
24,24
25,25
26,26
27,27
4,28
29,29
30,30
31,31
32,32
33,33
7,34
35,35
36,36
37,37
38,38
39,39
40,40
41,41
42,42
43,43
44,44
45,45
46,46
7,47
48,48
49,49
50,50
51,51
52,52
53,53
54,54
50,55
56,56
57,57
58,58
59,59
1,0
1,1
43,2
3,3
4,4
5,5
6,6
7,7
8,8
28,9
10,10
11,11
12,12
13,13
14,14
15,15
23,16
17,17
18,18
19,19
20,20
21,21
22,22
23,23
24,24
25,25
26,26
27,27
10,28
11,29
30,30
31,31
32,32
33,33
34,34
35,35
36,36
37,37
38,38
39,39
40,40
41,41
42,42
43,43
44,44
45,45
46,46
47,47
48,48
49,49
50,50
51,51
52,52
53,53
54,54
55,55
56,56
57,57
58,58
59,59
0,0
1,1
3,2
3,3
4,4
5,5
6,6
41,7
8,8
27,9
10,10
9,11
12,12
13,13
14,14
15,15
23,16
17,17
18,18
19,19
20,20
21,21
22,22
23,23
24,24
25,25
26,26
27,27
4,28
29,29
30,30
31,31
32,32
33,33
34,34
35,35
36,36
37,37
38,38
39,39
40,40
41,41
42,42
48,43
44,44
45,45
46,46
47,47
48,48
49,49
50,50
51,51
52,52
53,53
54,54
55,55
56,56
57,57
58,58
59,59
1,0
1,1
43,2
3,3
4,4
5,5
6,6
7,7
8,8
27,9
10,10
29,11
12,12
13,13
14,14
15,15
23,16
17,17
18,18
19,19
20,20
21,21
45,22
23,23
24,24
25,25
26,26
27,27
10,28
11,29
31,30
31,31
32,32
33,33
34,34
35,35
30,36
37,37
9,38
39,39
40,40
41,41
42,42
43,43
44,44
45,45
46,46
47,47
48,48
49,49
50,50
51,51
52,52
53,53
54,54
55,55
56,56
57,57
58,58
59,59
0,0
1,1
2,2
3,3
42,4
5,5
6,6
42,7
8,8
33,9
11,10
11,11
12,12
13,13
14,14
15,15
16,16
17,17
18,18
19,19
20,20
21,21
22,22
23,23
24,24
25,25
26,26
27,27
4,28
11,29
39,30
31,31
32,32
33,33
15,34
35,35
36,36
37,37
38,38
39,39
40,40
41,41
42,42
43,43
47,44
45,45
46,46
47,47
48,48
56,49
50,50
51,51
52,52
57,53
54,54
55,55
56,56
57,57
58,58
59,59
1,0
1,1
23,2
3,3
4,4
5,5
21,6
7,7
8,8
27,9
10,10
29,11
12,12
13,13
14,14
15,15
23,16
17,17
18,18
19,19
20,20
21,21
22,22
23,23
24,24
25,25
26,26
27,27
10,28
29,29
30,30
30,31
22,32
33,33
34,34
35,35
3,36
37,37
38,38
39,39
40,40
41,41
42,42
43,43
44,44
45,45
36,46
47,47
48,48
49,49
50,50
51,51
52,52
53,53
54,54
55,55
56,56
57,57
58,58
59,59
0,0
27,1
2,2
3,3
4,4
5,5
6,6
7,7
8,8
9,9
10,10
33,11
12,12
13,13
14,14
16,15
23,16
17,17
18,18
19,19
20,20
21,21
22,22
23,23
24,24
25,25
26,26
27,27
12,28
11,29
31,30
31,31
32,32
33,33
34,34
35,35
36,36
37,37
38,38
39,39
40,40
41,41
42,42
43,43
44,44
45,45
46,46
47,47
48,48
49,49
50,50
51,51
52,52
53,53
54,54
55,55
56,56
57,57
58,58
59,59
0,0
1,1
2,2
3,3
4,4
5,5
6,6
7,7
8,8
9,9
29,10
29,11
12,12
13,13
14,14
25,15
23,16
17,17
40,18
19,19
20,20
21,21
22,22
23,23
24,24
25,25
26,26
27,27
33,28
29,29
30,30
31,31
32,32
9,33
34,34
35,35
2,36
37,37
38,38
39,39
43,40
41,41
42,42
17,43
44,44
45,45
46,46
47,47
48,48
49,49
50,50
51,51
52,52
53,53
54,54
55,55
56,56
57,57
58,58
59,59
0,0
27,1
2,2
3,3
4,4
5,5
41,6
7,7
8,8
33,9
10,10
33,11
13,13
14,14
41,15
23,16
17,17
18,18
19,19
20,20
21,21
22,22
23,23
24,24
25,25
26,26
19,27
10,28
29,29
31,30
31,31
39,32
33,33
34,34
35,35
36,36
37,37
38,38
39,39
40,40
41,41
42,42
3,43
44,44
45,45
46,46
47,47
48,48
49,49
50,50
49,51
52,52
53,53
54,54
6,55
49,56
57,57
58,58
59,59
46,0
1,1
2,2
3,3
4,4
5,5
6,6
7,7
8,8
9,9
29,10
11,11
12,12
13,13
14,14
25,15
23,16
17,17
18,18
19,19
20,20
21,21
22,22
23,23
24,24
25,25
26,26
27,27
4,28
29,29
30,30
31,31
32,32
33,33
34,34
35,35
36,36
37,37
38,38
39,39
40,40
41,41
42,42
37,43
44,44
45,45
46,46
47,47
48,48
49,49
50,50
51,51
52,52
55,53
54,54
55,55
56,56
57,57
58,58
59,59
0,0
1,1
2,2
3,3
4,4
5,5
6,6
7,7
8,8
9,9
10,10
29,11
12,12
13,13
14,14
15,15
23,16
17,17
18,18
19,19
20,20
21,21
22,22
23,23
24,24
25,25
26,26
27,27
10,28
11,29
31,30
31,31
32,32
33,33
5,34
35,35
36,36
37,37
38,38
39,39
40,40
41,41
42,42
43,43
44,44
45,45
39,46
47,47
48,48
49,49
50,50
51,51
52,52
53,53
54,54
55,55
56,56
49,57
58,58
59,59
0,0
1,1
0,2
3,3
4,4
5,5
6,6
7,7
8,8
9,9
10,10
29,11
13,13
14,14
41,15
23,16
17,17
18,18
19,19
20,20
21,21
22,22
23,23
24,24
25,25
26,26
0,27
29,28
29,29
30,30
30,31
32,32
33,33
34,34
36,35
3,36
6,37
38,38
39,39
43,40
41,41
42,42
37,43
44,44
45,45
46,46
47,47
48,48
49,49
50,50
51,51
56,52
53,53
54,54
55,55
50,56
57,57
58,58
59,59
0,0
18,1
2,2
3,3
4,4
5,5
6,6
7,7
8,8
9,9
29,10
29,11
12,12
13,13
14,14
15,15
16,16
17,17
18,18
19,19
20,20
21,21
22,22
23,23
24,24
23,25
26,26
27,27
11,28
29,29
30,30
31,31
1,32
9,33
34,34
29,35
40,36
37,37
38,38
31,39
40,40
41,41
42,42
2,43
16,44
45,45
2,46
40,47
48,48
49,49
50,50
51,51
52,52
53,53
54,54
55,55
56,56
57,57
58,58
59,59
1,0
1,1
2,2
3,3
4,4
5,5
6,6
7,7
8,8
9,9
28,10
29,11
38,12
13,13
14,14
16,15
16,16
17,17
18,18
19,19
20,20
21,21
22,22
23,23
24,24
41,25
26,26
27,27
29,28
29,29
30,30
31,31
32,32
33,33
34,34
35,35
36,36
37,37
38,38
39,39
40,40
41,41
42,42
2,43
44,44
45,45
46,46
40,47
48,48
49,49
50,50
51,51
52,52
53,53
54,54
55,55
56,56
57,57
58,58
59,59
0,0
18,1
2,2
19,3
4,4
5,5
18,6
7,7
8,8
12,9
29,10
29,11
12,12
13,13
14,14
15,15
16,16
17,17
18,18
19,19
20,20
21,21
22,22
23,23
24,24
23,25
26,26
1,27
29,28
29,29
30,30
31,31
1,32
9,33
34,34
29,35
27,36
37,37
38,38
31,39
40,40
41,41
42,42
2,43
44,44
45,45
12,46
40,47
33,48
49,49
50,50
51,51
52,52
53,53
54,54
55,55
56,56
57,57
58,58
59,59
1,0
1,1
27,2
3,3
40,4
5,5
6,6
7,7
8,8
9,9
28,10
11,11
24,12
13,13
14,14
15,15
16,16
17,17
18,18
19,19
20,20
21,21
22,22
23,23
24,24
41,25
26,26
27,27
28,28
29,29
30,30
31,31
1,32
9,33
34,34
35,35
36,36
37,37
38,38
39,39
40,40
41,41
42,42
43,43
44,44
45,45
46,46
40,47
48,48
30,49
50,50
51,51
52,52
53,53
54,54
55,55
56,56
57,57
58,58
59,59
0,0
1,1
2,2
3,3
4,4
5,5
14,6
7,7
8,8
33,9
17,10
11,11
12,12
13,13
14,14
15,15
16,16
17,17
18,18
19,19
20,20
21,21
22,22
23,23
24,24
23,25
26,26
27,27
28,28
29,29
30,30
31,31
1,32
9,33
34,34
35,35
3,36
37,37
38,38
31,39
40,40
41,41
42,42
2,43
16,44
45,45
2,46
40,47
48,48
49,49
50,50
51,51
52,52
53,53
54,54
55,55
56,56
57,57
58,58
59,59
1,0
1,1
2,2
3,3
24,4
5,5
6,6
7,7
8,8
28,10
29,11
27,12
13,13
14,14
15,15
34,16
17,17
18,18
19,19
20,20
21,21
22,22
23,23
24,24
41,25
26,26
0,27
28,28
28,29
30,30
31,31
32,32
33,33
34,34
4,35
36,36
37,37
38,38
39,39
40,40
41,41
42,42
43,43
44,44
4,45
46,46
40,47
3,48
49,49
49,50
51,51
52,52
53,53
54,54
55,55
52,56
57,57
58,58
59,59
0,0
18,1
2,2
3,3
4,4
5,5
6,6
7,7
8,8
48,9
10,10
11,11
12,12
13,13
14,14
15,15
16,16
17,17
18,18
19,19
20,20
21,21
0,22
23,23
24,24
58,25
26,26
27,27
28,28
9,29
31,30
31,31
32,32
9,33
34,34
29,35
2,36
37,37
38,38
39,39
1,40
41,41
42,42
2,43
15,44
45,45
2,46
44,47
48,48
49,49
50,50
51,51
52,52
53,53
54,54
55,55
56,56
57,57
58,58
59,59
0,0
27,1
2,2
3,3
4,4
5,5
6,6
7,7
8,8
9,9
10,10
11,11
12,12
13,13
14,14
15,15
16,16
17,17
18,18
19,19
20,20
21,21
3,22
23,23
24,24
41,25
26,26
27,27
28,28
29,29
30,30
31,31
32,32
33,33
34,34
35,35
43,36
37,37
28,38
39,39
40,40
41,41
42,42
37,43
44,44
45,45
46,46
47,47
48,48
49,49
50,50
51,51
52,52
53,53
54,54
55,55
56,56
57,57
58,58
59,59
0,0
17,1
11,2
0,3
55,4
5,5
6,6
7,7
8,8
12,9
10,10
10,11
12,12
13,13
14,14
17,17
18,18
19,19
20,20
21,21
9,22
23,23
24,24
58,25
26,26
27,27
28,28
29,29
30,30
30,31
10,32
9,33
34,34
29,35
17,36
37,37
38,38
17,39
40,40
41,41
42,42
32,43
16,44
16,45
19,46
49,49
30,50
49,51
4,52
35,53
10,54
55,55
56,56
57,57
58,58
59,59
0,0
27,1
2,2
3,3
4,4
5,5
6,6
7,7
8,8
9,9
10,10
11,11
12,12
13,13
14,14
15,15
16,16
17,17
18,18
19,19
20,20
21,21
22,22
23,23
24,24
41,25
26,26
27,27
28,28
29,29
30,30
31,31
32,32
9,33
34,34
35,35
36,36
37,37
28,38
39,39
40,40
41,41
42,42
37,43
44,44
45,45
46,46
47,47
48,48
56,49
50,50
51,51
52,52
53,53
54,54
55,55
56,56
57,57
58,58
59,59
0,0
1,1
2,2
3,3
1,4
5,5
6,6
7,7
8,8
9,9
11,10
11,11
12,12
13,13
14,14
15,15
16,16
17,17
18,18
19,19
20,20
21,21
22,22
23,23
24,24
58,25
26,26
27,27
28,28
29,29
30,30
31,31
17,32
9,33
34,34
35,35
2,36
37,37
38,38
39,39
40,40
41,41
42,42
2,43
44,44
45,45
46,46
15,47
48,48
49,49
50,50
51,51
52,52
53,53
54,54
55,55
56,56
57,57
58,58
59,59
0,0
27,1
2,2
3,3
4,4
5,5
6,6
7,7
8,8
9,9
29,10
28,11
12,12
13,13
14,14
15,15
16,16
17,17
18,18
19,19
20,20
21,21
3,22
23,23
24,24
41,25
26,26
0,27
28,28
11,29
30,30
0,31
32,32
9,33
34,34
35,35
36,36
43,37
38,38
39,39
40,40
41,41
42,42
4,43
44,44
37,45
45,46
47,47
4,48
49,49
50,50
51,51
52,52
53,53
54,54
55,55
56,56
57,57
58,58
59,59
0,0
0,1
3,2
3,3
10,4
5,5
6,6
7,7
8,8
33,9
11,10
11,11
12,12
13,13
14,14
15,15
16,16
17,17
18,18
19,19
20,20
31,21
22,22
23,23
14,24
25,25
26,26
35,27
11,28
46,29
47,30
22,31
17,32
36,33
34,34
24,35
48,36
37,37
38,38
39,39
36,40
41,41
42,42
36,43
44,44
45,45
14,46
47,47
48,48
49,49
50,50
51,51
52,52
55,53
54,54
55,55
56,56
57,57
58,58
59,59
0,0
1,1
3,2
3,3
2,4
25,5
6,6
7,7
8,8
18,9
10,10
10,11
3,12
13,13
14,14
16,15
16,16
17,17
1,18
19,19
20,20
21,21
22,22
23,23
24,24
25,25
26,26
27,27
28,28
29,29
30,30
31,31
32,32
33,33
34,34
35,35
36,36
37,37
38,38
39,39
40,40
41,41
42,42
36,43
44,44
45,45
46,46
47,47
48,48
49,49
50,50
51,51
52,52
49,53
54,54
55,55
56,56
57,57
58,58
59,59
0,0
10,1
43,2
3,3
4,4
5,5
48,6
7,7
8,8
28,9
10,10
11,11
10,12
13,13
14,14
15,15
16,16
17,17
18,18
19,19
20,20
21,21
22,22
23,23
24,24
25,25
26,26
1,27
28,28
29,29
10,30
31,31
12,32
9,33
34,34
35,35
36,36
48,37
38,38
39,39
36,40
41,41
42,42
36,43
44,44
24,45
48,46
47,47
48,48
49,49
50,50
51,51
56,52
55,53
54,54
55,55
56,56
57,57
58,58
59,59
36,0
1,1
36,2
48,3
12,4
5,5
6,6
7,7
8,8
10,9
11,10
11,11
10,12
13,13
14,14
15,15
16,16
17,17
18,18
19,19
18,20
21,21
22,22
23,23
24,24
25,25
26,26
27,27
28,28
30,30
31,31
32,32
10,33
34,34
35,35
36,36
37,37
38,38
39,39
40,40
41,41
42,42
43,43
44,44
45,45
46,46
47,47
48,48
49,49
50,50
49,51
52,52
49,53
54,54
55,55
56,56
57,57
58,58
59,59
0,0
12,1
0,2
3,3
10,4
5,5
6,6
7,7
8,8
10,9
11,10
11,11
12,12
13,13
14,14
16,15
16,16
17,17
1,18
19,19
20,20
21,21
48,22
23,23
56,24
25,25
26,26
56,27
36,28
20,29
30,30
31,31
32,32
9,33
34,34
35,35
36,36
37,37
9,38
39,39
40,40
41,41
42,42
36,43
44,44
45,45
46,46
47,47
48,48
49,49
50,50
51,51
52,52
55,53
49,54
55,55
56,56
57,57
58,58
59,59
0,0
45,1
3,2
36,3
4,4
5,5
7,7
8,8
12,9
18,11
12,12
13,13
14,14
16,15
16,16
17,17
18,18
19,19
20,20
21,21
22,22
23,23
24,24
25,25
26,26
27,27
11,28
29,29
30,30
31,31
32,32
33,33
34,34
27,35
36,36
37,37
38,38
9,39
46,40
41,41
42,42
43,43
44,44
45,45
46,46
47,47
48,48
49,49
49,50
49,51
52,52
49,53
54,54
55,55
50,56
57,57
58,58
59,59
0,0
1,1
2,2
3,3
4,4
5,5
6,6
7,7
8,8
9,9
10,10
11,11
12,12
13,13
14,14
16,15
16,16
17,17
18,18
19,19
20,20
21,21
22,22
23,23
24,24
25,25
26,26
36,27
11,28
29,29
30,30
31,31
32,32
9,33
34,34
35,35
36,36
37,37
38,38
39,39
44,40
58,41
42,42
43,43
44,44
45,45
3,46
40,47
48,48
49,49
50,50
51,51
56,52
53,53
54,54
55,55
56,56
57,57
58,58
59,59
0,0
0,1
2,2
3,3
4,4
34,5
6,6
7,7
8,8
36,9
10,10
10,11
12,12
13,13
14,14
16,15
16,16
17,17
18,18
3,19
20,20
21,21
22,22
23,23
24,24
25,25
26,26
27,27
28,28
29,29
46,30
27,31
32,32
33,33
34,34
35,35
36,36
37,37
38,38
39,39
40,40
41,41
42,42
46,43
47,44
24,45
46,46
47,47
17,48
49,49
50,50
51,51
52,52
53,53
54,54
55,55
56,56
57,57
58,58
59,59
0,0
1,1
2,2
3,3
4,4
5,5
6,6
7,7
8,8
11,9
18,10
29,11
12,12
13,13
14,14
16,15
16,16
17,17
18,18
19,19
20,20
21,21
22,22
23,23
24,24
25,25
26,26
27,27
11,28
29,29
30,30
31,31
32,32
33,33
34,34
35,35
3,36
37,37
38,38
39,39
40,40
41,41
42,42
43,43
44,44
45,45
3,46
40,47
17,48
49,49
50,50
49,51
55,52
53,53
54,54
55,55
56,56
57,57
58,58
59,59
0,0
46,1
2,2
3,3
4,4
5,5
6,6
7,7
8,8
9,9
39,10
11,11
12,12
13,13
14,14
16,15
16,16
17,17
18,18
19,19
20,20
21,21
22,22
23,23
24,24
25,25
26,26
27,27
28,28
29,29
53,30
27,31
32,32
33,33
34,34
35,35
36,36
37,37
38,38
39,39
40,40
58,41
42,42
43,43
44,44
45,45
40,46
47,47
0,48
49,49
50,50
51,51
52,52
53,53
54,54
55,55
56,56
57,57
58,58
59,59
0,0
1,1
2,2
3,3
4,4
5,5
6,6
7,7
8,8
11,9
33,10
29,11
12,12
13,13
14,14
16,15
16,16
17,17
18,18
19,19
20,20
21,21
22,22
23,23
24,24
25,25
26,26
27,27
11,28
29,29
30,30
31,31
32,32
33,33
34,34
35,35
36,36
37,37
38,38
39,39
40,40
41,41
42,42
2,43
44,44
45,45
46,46
40,47
48,48
49,49
50,50
51,51
56,52
53,53
54,54
55,55
56,56
57,57
58,58
59,59
0,0
0,1
46,2
36,3
4,4
5,5
6,6
7,7
8,8
0,9
12,10
1,11
12,12
13,13
14,14
16,15
16,16
17,17
17,18
19,19
20,20
21,21
22,22
23,23
24,24
25,25
26,26
27,27
28,28
29,29
37,30
27,31
32,32
33,33
34,34
35,35
36,36
37,37
38,38
39,39
40,40
41,41
42,42
46,43
44,44
45,45
27,46
47,47
17,48
49,49
57,50
51,51
55,52
48,53
54,54
55,55
56,56
57,57
58,58
59,59
0,0
1,1
2,2
3,3
8,4
5,5
22,6
7,7
8,8
10,9
10,10
11,11
12,12
13,13
14,14
16,15
16,16
17,17
18,18
19,19
20,20
21,21
22,22
23,23
24,24
25,25
26,26
27,27
28,28
29,29
22,30
31,31
39,32
28,33
34,34
35,35
36,36
37,37
38,38
39,39
40,40
41,41
42,42
43,43
44,44
45,45
46,46
47,47
48,48
49,49
50,50
51,51
52,52
53,53
54,54
55,55
56,56
57,57
58,58
59,59
0,0
40,1
2,2
3,3
34,4
5,5
22,6
7,7
8,8
9,9
10,10
11,11
12,12
13,13
14,14
5,15
15,16
17,17
18,18
19,19
20,20
21,21
22,22
23,23
24,24
25,25
26,26
27,27
28,28
29,29
30,30
0,31
39,32
9,33
34,34
35,35
36,36
37,37
38,38
39,39
40,40
41,41
42,42
37,43
44,44
45,45
46,46
47,47
48,48
49,49
50,50
51,51
52,52
53,53
54,54
57,55
56,56
57,57
58,58
59,59
0,0
1,1
41,4
5,5
22,6
7,7
8,8
11,9
11,10
12,12
13,13
14,14
16,15
16,16
11,17
3,18
21,21
22,22
23,23
24,24
25,25
26,26
27,27
28,28
29,29
22,30
31,31
32,32
39,33
34,34
36,36
37,37
36,38
39,39
40,40
41,41
42,42
3,43
44,44
45,45
46,46
47,47
48,48
49,49
50,50
51,51
53,52
53,53
54,54
55,55
55,56
57,57
58,58
59,59
0,0
40,1
2,2
3,3
34,4
5,5
30,6
7,7
8,8
36,9
10,10
11,11
12,12
13,13
14,14
16,15
16,16
17,17
18,18
19,19
20,20
21,21
22,22
23,23
24,24
25,25
26,26
27,27
11,28
29,29
30,30
31,31
39,32
9,33
34,34
35,35
36,36
37,37
39,38
39,39
40,40
41,41
16,42
37,43
44,44
45,45
46,46
47,47
48,48
49,49
50,50
51,51
53,52
53,53
54,54
57,55
56,56
57,57
58,58
59,59
0,0
1,1
2,2
3,3
44,4
5,5
22,6
7,7
8,8
9,9
11,10
11,11
12,12
13,13
14,14
16,15
16,16
17,17
18,18
19,19
20,20
21,21
22,22
23,23
24,24
25,25
26,26
27,27
28,28
29,29
22,30
31,31
32,32
33,33
34,34
35,35
36,36
37,37
38,38
39,39
40,40
41,41
42,42
43,43
44,44
45,45
46,46
47,47
48,48
49,49
50,50
51,51
52,52
53,53
54,54
55,55
56,56
55,57
58,58
59,59
37,0
2,1
48,2
3,3
34,4
5,5
45,6
7,7
8,8
39,9
11,10
11,11
12,12
13,13
14,14
5,15
16,16
17,17
18,18
19,19
20,20
21,21
37,22
23,23
24,24
25,25
26,26
27,27
28,28
11,29
30,30
10,31
39,32
38,33
34,34
35,35
36,36
37,37
38,38
39,39
40,40
41,41
15,42
37,43
44,44
45,45
46,46
47,47
48,48
49,49
50,50
51,51
52,52
53,53
54,54
57,55
56,56
57,57
58,58
59,59
0,0
1,1
2,2
3,3
4,4
5,5
30,6
7,7
8,8
38,9
10,10
11,11
12,12
13,13
14,14
5,15
16,16
19,17
18,18
19,19
20,20
21,21
22,22
23,23
24,24
25,25
26,26
27,27
28,28
29,29
30,30
31,31
39,32
33,33
34,34
35,35
36,36
37,37
38,38
39,39
40,40
41,41
42,42
43,43
44,44
45,45
43,46
47,47
48,48
49,49
50,50
51,51
52,52
53,53
54,54
57,55
56,56
57,57
58,58
59,59
0,0
1,1
2,2
3,3
4,4
5,5
6,6
7,7
8,8
38,9
10,10
10,11
12,12
13,13
14,14
15,15
15,16
17,17
17,18
19,19
20,20
21,21
22,22
23,23
4,24
25,25
26,26
36,27
28,28
11,29
30,30
31,31
38,32
38,33
34,34
35,35
36,36
37,37
38,38
39,39
40,40
5,41
42,42
43,43
44,44
45,45
43,46
47,47
48,48
49,49
50,50
51,51
52,52
53,53
54,54
55,55
56,56
57,57
58,58
59,59
0,0
1,1
2,2
3,3
4,4
5,5
30,6
7,7
8,8
38,9
10,10
11,11
12,12
13,13
14,14
5,15
16,16
19,17
18,18
19,19
20,20
21,21
37,22
23,23
24,24
25,25
26,26
27,27
28,28
29,29
30,30
31,31
39,32
33,33
34,34
35,35
36,36
37,37
38,38
38,39
40,40
41,41
42,42
43,43
44,44
45,45
46,46
47,47
48,48
49,49
50,50
51,51
52,52
53,53
54,54
57,55
56,56
57,57
58,58
59,59
0,0
1,1
2,2
3,3
4,4
5,5
6,6
7,7
8,8
38,9
10,10
11,11
12,12
13,13
14,14
16,15
15,16
17,17
17,18
19,19
20,20
21,21
22,22
23,23
24,24
25,25
26,26
27,27
28,28
11,29
30,30
31,31
32,32
33,33
34,34
35,35
36,36
37,37
38,38
39,39
40,40
5,41
42,42
43,43
44,44
45,45
46,46
47,47
48,48
49,49
50,50
51,51
52,52
53,53
54,54
55,55
56,56
57,57
58,58
59,59
0,0
1,1
2,2
3,3
4,4
5,5
22,6
7,7
8,8
9,9
10,10
11,11
12,12
13,13
14,14
16,15
16,16
17,17
18,18
19,19
20,20
21,21
22,22
23,23
24,24
25,25
26,26
27,27
29,28
29,29
30,30
31,31
32,32
33,33
34,34
35,35
36,36
37,37
38,38
38,39
47,40
41,41
42,42
43,43
44,44
24,45
46,46
47,47
48,48
49,49
50,50
51,51
52,52
53,53
54,54
57,55
56,56
57,57
59,59
36,0
1,1
2,2
3,3
4,4
5,5
6,6
7,7
8,8
38,9
10,10
11,11
12,12
13,13
14,14
16,15
15,16
17,17
18,18
19,19
20,20
21,21
22,22
46,23
46,24
25,25
26,26
27,27
11,28
29,29
30,30
31,31
32,32
38,33
34,34
24,35
36,36
37,37
38,38
38,39
40,40
41,41
42,42
43,43
44,44
45,45
24,46
40,47
48,48
49,49
50,50
50,51
52,52
53,53
54,54
55,55
56,56
55,57
58,58
59,59
2,0
1,1
2,2
3,3
44,4
5,5
6,6
7,7
8,8
33,9
10,10
28,11
12,12
13,13
14,14
15,15
15,16
17,17
18,18
19,19
20,20
21,21
22,22
23,23
24,24
25,25
26,26
27,27
28,28
29,29
30,30
31,31
32,32
33,33
34,34
35,35
40,36
37,37
38,38
39,39
40,40
41,41
42,42
43,43
44,44
24,45
46,46
47,47
48,48
49,49
50,50
51,51
52,52
53,53
54,54
55,55
56,56
55,57
58,58
59,59
0,0
24,1
47,2
3,3
44,4
5,5
6,6
7,7
8,8
9,9
11,10
11,11
12,12
13,13
14,14
15,15
15,16
17,17
18,18
19,19
20,20
21,21
22,22
23,23
24,24
26,25
26,26
27,27
28,28
29,29
30,30
9,31
32,32
9,33
34,34
35,35
36,36
46,37
38,38
39,39
40,40
41,41
42,42
43,43
44,44
45,45
46,46
47,47
48,48
49,49
50,50
51,51
52,52
53,53
54,54
55,55
35,56
57,57
58,58
59,59
2,0
1,1
38,2
3,3
44,4
5,5
6,6
7,7
8,8
9,9
29,10
11,11
1,12
13,13
14,14
15,15
16,16
18,17
18,18
19,19
20,20
21,21
22,22
23,23
24,24
25,25
26,26
38,27
11,28
29,29
31,30
31,31
32,32
33,33
34,34
35,35
36,36
37,37
18,38
39,39
40,40
41,41
42,42
37,43
44,44
24,45
46,46
47,47
48,48
49,49
50,50
51,51
52,52
53,53
54,54
49,55
55,56
51,57
58,58
59,59
0,0
1,1
47,2
3,3
4,4
5,5
6,6
7,7
8,8
9,9
11,10
11,11
12,12
13,13
14,14
15,15
16,16
17,17
18,18
19,19
20,20
21,21
22,22
23,23
24,24
26,25
26,26
27,27
28,28
4,29
30,30
27,31
32,32
33,33
34,34
35,35
36,36
37,37
38,38
39,39
40,40
41,41
42,42
43,43
44,44
45,45
46,46
47,47
48,48
49,49
50,50
51,51
52,52
53,53
54,54
55,55
56,56
57,57
58,58
59,59
2,0
2,1
27,2
3,3
12,4
5,5
6,6
7,7
8,8
9,9
10,10
11,11
12,12
13,13
14,14
15,15
15,16
17,17
18,18
19,19
20,20
21,21
22,22
23,23
24,24
25,25
26,26
27,27
28,28
29,29
30,30
31,31
32,32
33,33
47,34
35,35
36,36
37,37
38,38
39,39
40,40
41,41
42,42
43,43
44,44
24,45
46,46
47,47
48,48
49,49
50,50
51,51
52,52
53,53
54,54
55,55
56,56
56,57
58,58
59,59
0,0
1,1
15,2
3,3
4,4
5,5
6,6
7,7
8,8
9,9
10,10
28,11
12,12
13,13
14,14
16,15
16,16
32,17
17,18
19,19
20,20
21,21
22,22
23,23
24,24
25,25
26,26
27,27
28,28
29,29
30,30
27,31
32,32
9,33
16,34
35,35
36,36
37,37
38,38
39,39
40,40
41,41
42,42
43,43
44,44
45,45
3,46
47,47
48,48
49,49
50,50
51,51
52,52
53,53
54,54
55,55
57,57
58,58
58,59
0,0
1,1
2,2
3,3
4,4
5,5
6,6
7,7
8,8
9,9
28,10
29,11
12,12
13,13
14,14
15,15
15,16
17,17
18,18
19,19
20,20
21,21
22,22
23,23
24,24
25,25
26,26
43,27
33,28
29,29
30,30
31,31
32,32
33,33
34,34
35,35
36,36
37,37
38,38
39,39
40,40
41,41
42,42
43,43
44,44
45,45
46,46
44,47
48,48
52,49
50,50
51,51
52,52
53,53
54,54
55,55
56,56
57,57
58,58
59,59
0,0
12,1
43,2
3,3
4,4
5,5
6,6
7,7
8,8
9,9
11,10
11,11
12,12
13,13
14,14
15,15
15,16
17,17
18,18
19,19
20,20
21,21
22,22
23,23
4,24
25,25
26,26
27,27
28,28
29,29
31,30
31,31
32,32
33,33
34,34
35,35
36,36
37,37
38,38
39,39
40,40
41,41
42,42
43,43
44,44
45,45
46,46
44,47
48,48
49,49
50,50
51,51
52,52
53,53
54,54
55,55
56,56
57,57
58,58
59,59
17,0
12,1
43,2
3,3
44,4
5,5
6,6
7,7
8,8
33,9
11,10
28,11
12,12
13,13
14,14
15,15
15,16
18,17
18,18
19,19
20,20
3,21
22,22
23,23
24,24
25,25
26,26
43,27
33,28
11,29
43,30
31,31
32,32
33,33
34,34
35,35
36,36
37,37
38,38
39,39
43,40
41,41
42,42
43,43
44,44
24,45
46,46
47,47
48,48
49,49
50,50
51,51
52,52
53,53
54,54
55,55
56,56
57,57
58,58
59,59
0,0
1,1
43,2
3,3
4,4
5,5
6,6
7,7
8,8
9,9
10,10
11,11
12,12
13,13
14,14
15,15
16,16
17,17
18,18
19,19
20,20
21,21
22,22
23,23
35,24
25,25
26,26
27,27
28,28
29,29
2,30
31,31
32,32
33,33
34,34
35,35
36,36
37,37
38,38
39,39
40,40
41,41
42,42
43,43
44,44
45,45
46,46
44,47
48,48
49,49
56,50
51,51
52,52
53,53
54,54
55,55
56,56
57,57
58,58
59,59
0,0
1,1
43,2
3,3
4,4
5,5
6,6
7,7
8,8
9,9
10,10
28,11
12,12
13,13
14,14
15,15
15,16
17,17
18,18
19,19
20,20
21,21
22,22
23,23
24,24
25,25
26,26
27,27
28,28
11,29
30,30
31,31
32,32
33,33
34,34
35,35
36,36
37,37
38,38
39,39
40,40
41,41
42,42
43,43
44,44
45,45
46,46
47,47
48,48
52,49
50,50
51,51
52,52
53,53
54,54
55,55
56,56
57,57
58,58
59,59
0,0
27,1
43,2
43,3
29,4
5,5
6,6
7,7
8,8
39,9
10,10
28,11
12,12
13,13
14,14
16,15
16,16
17,17
17,18
19,19
20,20
21,21
22,22
23,23
31,24
25,25
26,26
27,27
28,28
29,29
2,30
31,31
32,32
33,33
5,34
35,35
36,36
37,37
38,38
39,39
40,40
41,41
42,42
35,43
17,44
45,45
46,46
44,47
43,48
49,49
56,50
51,51
52,52
53,53
54,54
49,55
57,56
57,57
58,58
58,59
0,0
1,1
17,2
3,3
44,4
5,5
6,6
7,7
8,8
9,9
28,10
9,11
12,12
13,13
14,14
15,15
15,16
17,17
18,18
19,19
20,20
43,21
22,22
23,23
24,24
25,25
26,26
27,27
28,28
11,29
6,30
31,31
32,32
33,33
15,34
35,35
36,36
37,37
38,38
39,39
47,40
41,41
42,42
43,43
44,44
45,45
46,46
34,47
48,48
49,49
50,50
51,51
52,52
53,53
54,54
55,55
56,56
57,57
58,58
58,59
0,0
1,1
46,2
3,3
44,4
5,5
6,6
7,7
8,8
9,9
10,10
11,11
13,12
13,13
14,14
15,15
15,16
17,17
18,18
19,19
20,20
43,21
22,22
23,23
24,24
25,25
26,26
27,27
28,28
29,29
30,30
31,31
32,32
33,33
15,34
35,35
36,36
37,37
19,38
39,39
40,40
41,41
42,42
43,43
44,44
45,45
46,46
47,47
48,48
49,49
50,50
51,51
52,52
53,53
54,54
55,55
56,56
57,57
58,58
59,59
27,0
1,1
1,2
3,3
44,4
5,5
6,6
7,7
8,8
43,9
10,10
11,11
12,12
13,13
14,14
47,15
15,16
17,17
18,18
19,19
20,20
48,21
22,22
23,23
24,24
25,25
26,26
27,27
28,28
29,29
30,30
31,31
32,32
33,33
34,34
35,35
36,36
37,37
38,38
39,39
47,40
25,41
42,42
43,43
44,44
46,45
46,46
34,47
48,48
49,49
50,50
51,51
52,52
53,53
54,54
55,55
56,56
57,57
58,58
59,59
2,0
1,1
43,2
3,3
4,4
5,5
6,6
7,7
8,8
9,9
10,10
11,11
12,12
13,13
14,14
15,15
47,16
17,17
17,18
19,19
20,20
43,21
22,22
23,23
24,24
25,25
26,26
27,27
28,28
29,29
30,30
31,31
32,32
33,33
44,34
35,35
36,36
37,37
38,38
39,39
47,40
41,41
42,42
43,43
44,44
45,45
46,46
47,47
48,48
49,49
50,50
51,51
52,52
53,53
54,54
55,55
56,56
55,57
58,58
59,59
2,0
1,1
46,2
3,3
4,4
5,5
6,6
7,7
8,8
9,9
11,10
35,11
12,12
13,13
14,14
15,15
15,16
17,17
18,18
19,19
20,20
48,21
22,22
23,23
24,24
25,25
26,26
27,27
11,28
11,29
30,30
31,31
32,32
33,33
15,34
35,35
36,36
37,37
38,38
39,39
44,40
41,41
42,42
43,43
44,44
45,45
46,46
34,47
48,48
49,49
50,50
51,51
52,52
53,53
54,54
57,55
56,56
57,57
59,58
59,59
3,0
1,1
43,2
3,3
24,4
5,5
6,6
7,7
8,8
9,9
10,10
11,11
12,12
13,13
14,14
16,15
47,16
17,17
18,18
19,19
20,20
3,21
22,22
14,23
24,24
25,25
26,26
27,27
11,28
11,29
31,30
31,31
32,32
33,33
34,34
35,35
36,36
37,37
38,38
39,39
40,40
41,41
42,42
46,43
44,44
45,45
46,46
47,47
48,48
49,49
50,50
51,51
52,52
53,53
54,54
53,55
56,56
57,57
58,58
59,59
0,0
1,1
2,2
3,3
4,4
5,5
6,6
7,7
8,8
9,9
10,10
28,11
12,12
13,13
14,14
15,15
15,16
18,17
18,18
19,19
20,20
21,21
36,22
23,23
24,24
25,25
26,26
27,27
28,28
11,29
0,30
30,31
32,32
9,33
34,34
35,35
36,36
37,37
38,38
39,39
40,40
45,41
42,42
43,43
44,44
45,45
46,46
47,47
3,48
49,49
50,50
51,51
52,52
53,53
54,54
55,55
56,56
57,57
58,58
59,59
0,0
18,1
2,2
3,3
4,4
5,5
6,6
7,7
8,8
9,9
10,10
10,11
12,12
13,13
14,14
15,15
15,16
17,17
18,18
19,19
20,20
21,21
48,22
23,23
24,24
25,25
26,26
27,27
29,28
36,29
46,30
31,31
33,32
33,33
34,34
35,35
36,36
18,37
38,38
39,39
40,40
41,41
42,42
43,43
44,44
45,45
46,46
47,47
48,48
51,49
50,50
51,51
52,52
53,53
54,54
55,55
56,56
57,57
58,58
59,59
0,0
1,1
43,2
3,3
4,4
5,5
6,6
7,7
8,8
32,9
29,10
12,12
13,13
14,14
15,15
16,16
24,17
18,18
19,19
20,20
21,21
36,22
23,23
24,24
25,25
26,26
27,27
29,28
29,29
0,30
30,31
32,32
29,33
34,34
35,35
36,36
37,37
38,38
39,39
40,40
45,41
42,42
43,43
44,44
24,45
46,46
44,47
48,48
49,49
50,50
51,51
52,52
53,53
54,54
55,55
56,56
57,57
58,58
59,59
0,0
1,1
2,2
3,3
4,4
5,5
6,6
7,7
8,8
33,9
10,10
11,11
12,12
13,13
14,14
15,15
15,16
18,17
18,18
19,19
20,20
21,21
48,22
23,23
24,24
25,25
26,26
27,27
28,28
29,29
31,30
31,31
32,32
33,33
34,34
35,35
36,36
37,37
38,38
39,39
40,40
41,41
42,42
43,43
44,44
45,45
46,46
47,47
48,48
51,49
50,50
51,51
52,52
53,53
54,54
55,55
56,56
57,57
58,58
59,59
0,0
1,1
2,2
3,3
4,4
5,5
6,6
7,7
8,8
9,9
10,10
11,11
12,12
13,13
14,14
15,15
15,16
17,17
18,18
19,19
20,20
21,21
46,22
23,23
24,24
25,25
26,26
27,27
28,28
14,29
0,30
30,31
33,32
33,33
34,34
35,35
36,36
37,37
38,38
39,39
40,40
35,41
42,42
43,43
44,44
45,45
46,46
47,47
48,48
49,49
50,50
51,51
56,52
53,53
54,54
55,55
56,56
57,57
58,58
59,59
0,0
2,1
2,2
3,3
4,4
5,5
6,6
7,7
8,8
36,9
10,10
11,11
13,13
14,14
15,15
16,16
14,17
46,18
19,19
3,20
3,21
3,22
23,23
24,24
25,25
26,26
24,27
29,28
22,29
2,30
31,31
32,32
33,33
34,34
35,35
36,36
35,37
38,38
39,39
46,40
41,41
42,42
43,43
44,44
45,45
46,46
47,47
48,48
49,49
50,50
54,51
52,52
4,53
6,54
24,55
47,56
24,57
58,58
59,59
0,0
36,1
2,2
3,3
4,4
5,5
6,6
7,7
8,8
29,9
10,10
28,11
12,12
14,13
14,14
15,15
15,16
17,17
18,18
19,19
20,20
21,21
22,22
23,23
4,24
25,25
26,26
27,27
28,28
29,29
30,30
31,31
32,32
9,33
34,34
35,35
36,36
37,37
38,38
39,39
40,40
41,41
42,42
43,43
44,44
45,45
40,46
47,47
48,48
49,49
50,50
51,51
52,52
53,53
54,54
55,55
56,56
57,57
58,58
59,59
0,0
36,1
2,2
48,3
4,4
5,5
6,6
7,7
8,8
12,9
10,10
11,11
12,12
13,13
14,14
15,15
15,16
17,17
18,18
19,19
20,20
21,21
22,22
23,23
4,24
25,25
26,26
27,27
28,28
29,29
30,30
9,31
2,32
33,33
34,34
35,35
36,36
37,37
38,38
39,39
40,40
41,41
42,42
43,43
44,44
45,45
46,46
47,47
48,48
49,49
50,50
51,51
52,52
53,53
54,54
57,55
56,56
57,57
58,58
59,59
0,0
36,1
2,2
3,3
44,4
5,5
6,6
7,7
8,8
9,9
11,10
11,11
12,12
14,13
14,14
15,15
15,16
9,17
18,18
23,23
24,24
25,25
26,26
27,27
28,28
29,29
30,30
14,31
29,32
11,33
34,34
35,35
36,36
31,37
38,38
39,39
27,40
41,41
42,42
3,43
44,44
45,45
45,46
47,47
12,48
49,49
50,50
51,51
52,52
53,53
54,54
55,55
56,56
57,57
58,58
59,59
0,0
36,1
2,2
0,3
4,4
5,5
6,6
7,7
8,8
9,9
12,10
11,11
10,12
13,13
14,14
15,15
15,16
17,17
18,18
19,19
20,20
21,21
22,22
23,23
4,24
25,25
26,26
27,27
28,28
29,29
30,30
31,31
32,32
32,33
34,34
35,35
36,36
37,37
38,38
39,39
40,40
41,41
42,42
43,43
44,44
45,45
46,46
47,47
48,48
49,49
50,50
51,51
52,52
53,53
54,54
53,55
56,56
57,57
58,58
59,59
0,0
36,1
2,2
3,3
4,4
5,5
6,6
7,7
8,8
9,9
11,10
11,11
12,12
13,13
14,14
15,15
15,16
17,17
18,18
19,19
20,20
21,21
22,22
23,23
4,24
25,25
26,26
27,27
28,28
35,29
30,30
31,31
32,32
33,33
34,34
35,35
36,36
37,37
38,38
39,39
40,40
41,41
42,42
43,43
44,44
45,45
40,46
47,47
48,48
52,49
50,50
51,51
52,52
53,53
54,54
55,55
6,56
57,57
58,58
59,59
0,0
36,1
27,2
2,3
4,4
5,5
6,6
7,7
8,8
12,9
10,10
3,11
12,12
13,13
14,14
15,15
15,16
17,17
18,18
19,19
20,20
21,21
22,22
23,23
4,24
25,25
26,26
27,27
28,28
29,29
30,30
31,31
9,32
33,33
34,34
35,35
24,36
35,37
38,38
39,39
3,40
41,41
42,42
40,43
44,44
45,45
22,46
47,47
48,48
49,49
50,50
51,51
52,52
53,53
54,54
55,55
56,56
57,57
58,58
59,59
17,0
27,1
2,2
3,3
4,4
5,5
6,6
7,7
8,8
38,9
11,10
33,11
12,12
13,13
14,14
5,15
16,16
17,17
18,18
19,19
20,20
21,21
22,22
23,23
24,24
25,25
26,26
27,27
28,28
29,29
30,30
31,31
32,32
38,33
34,34
35,35
3,36
37,37
38,38
39,39
40,40
41,41
42,42
3,43
44,44
45,45
46,46
44,47
48,48
49,49
50,50
51,51
52,52
53,53
54,54
55,55
56,56
57,57
58,58
59,59
39,0
36,1
2,2
3,3
4,4
5,5
6,6
7,7
8,8
33,9
10,10
29,11
12,12
13,13
14,14
15,15
15,16
17,17
20,18
19,19
20,20
21,21
22,22
23,23
24,24
25,25
26,26
17,27
11,28
31,29
30,30
31,31
32,32
29,33
34,34
46,35
21,36
37,37
38,38
33,39
21,40
41,41
42,42
36,43
44,44
45,45
46,46
47,47
48,48
49,49
50,50
51,51
56,52
53,53
32,54
55,55
49,56
57,57
58,58
59,59
36,0
43,1
2,2
3,3
35,4
5,5
6,6
7,7
8,8
38,9
28,10
33,11
12,12
13,13
14,14
15,15
16,16
19,19
20,20
21,21
22,22
23,23
24,24
25,25
26,26
1,27
28,28
29,29
32,30
31,31
32,32
38,33
34,34
35,35
36,36
37,37
38,38
39,39
40,40
41,41
42,42
38,43
44,44
45,45
46,46
44,47
36,48
49,49
50,50
51,51
52,52
53,53
54,54
55,55
56,56
57,57
58,58
59,59
0,0
1,1
2,2
3,3
4,4
5,5
6,6
7,7
8,8
33,9
10,10
33,11
12,12
13,13
14,14
15,15
15,16
18,17
18,18
19,19
20,20
21,21
22,22
23,23
24,24
25,25
26,26
27,27
28,28
29,29
30,30
31,31
32,32
33,33
34,34
3,35
33,36
37,37
38,38
33,39
40,40
41,41
42,42
46,43
44,44
45,45
46,46
47,47
48,48
49,49
50,50
51,51
52,52
53,53
14,54
24,55
4,56
57,57
58,58
59,59
17,0
46,1
2,2
3,3
4,4
5,5
6,6
7,7
8,8
38,9
33,10
10,11
12,12
13,13
14,14
5,15
15,16
17,17
18,18
19,19
20,20
21,21
22,22
23,23
24,24
25,25
26,26
38,27
28,28
19,29
30,30
31,31
32,32
38,33
34,34
35,35
36,36
37,37
38,38
39,39
40,40
41,41
42,42
43,43
44,44
45,45
32,46
47,47
48,48
55,49
50,50
51,51
52,52
53,53
54,54
55,55
56,56
57,57
58,58
59,59
2,0
1,1
2,2
3,3
4,4
5,5
6,6
7,7
8,8
33,9
32,10
29,11
12,12
13,13
14,14
15,15
15,16
17,17
17,18
19,19
20,20
21,21
22,22
23,23
24,24
25,25
26,26
38,27
29,28
29,29
30,30
22,31
32,32
33,33
47,34
35,35
3,36
35,37
38,38
21,39
44,40
41,41
42,42
43,43
44,44
45,45
46,46
47,47
48,48
49,49
50,50
51,51
53,52
53,53
54,54
55,55
6,56
57,57
58,58
59,59
0,0
46,1
2,2
3,3
4,4
5,5
6,6
7,7
8,8
9,9
11,10
29,11
33,12
13,13
14,14
16,15
15,16
17,17
18,18
19,19
20,20
21,21
22,22
23,23
24,24
25,25
26,26
27,27
28,28
29,29
31,30
31,31
32,32
33,33
34,34
35,35
36,36
37,37
38,38
39,39
40,40
41,41
42,42
43,43
44,44
45,45
46,46
47,47
43,48
6,49
50,50
51,51
52,52
53,53
54,54
55,55
56,56
56,57
58,58
59,59
3,0
0,1
2,2
3,3
4,4
5,5
6,6
7,7
8,8
33,9
1,10
11,11
12,12
13,13
14,14
15,15
16,16
18,17
18,18
19,19
20,20
21,21
22,22
23,23
24,24
25,25
26,26
27,27
46,28
29,29
30,30
31,31
32,32
33,33
34,34
35,35
27,36
37,37
38,38
39,39
40,40
41,41
42,42
43,43
45,44
45,45
46,46
40,47
2,48
49,49
23,50
51,51
52,52
53,53
54,54
55,55
56,56
57,57
58,58
59,59
0,0
37,1
2,2
36,3
4,4
5,5
6,6
33,12
13,13
14,14
16,15
15,16
18,17
18,18
19,19
18,20
21,21
22,22
23,23
24,24
34,25
26,26
27,27
35,28
10,29
31,30
28,31
32,32
33,33
34,34
35,35
36,36
37,37
38,38
39,39
46,40
41,41
42,42
43,43
44,44
45,45
46,46
47,47
2,48
44,50
49,51
52,52
53,53
54,54
55,55
56,56
57,57
58,58
59,59
2,0
0,1
2,2
36,3
4,4
5,5
6,6
7,7
8,8
33,9
10,10
29,11
12,12
13,13
14,14
15,15
15,16
18,17
18,18
19,19
20,20
21,21
22,22
23,23
24,24
25,25
26,26
27,27
28,28
29,29
30,30
31,31
32,32
33,33
34,34
35,35
33,36
37,37
32,38
39,39
28,40
41,41
42,42
43,43
44,44
45,45
46,46
47,47
38,48
49,49
50,50
51,51
52,52
53,53
54,54
55,55
56,56
57,57
58,58
59,59
0,0
18,1
2,2
3,3
4,4
5,5
6,6
7,7
8,8
9,9
11,10
29,11
33,12
13,13
14,14
15,15
15,16
17,17
18,18
19,19
20,20
21,21
22,22
23,23
24,24
25,25
26,26
27,27
28,28
29,29
30,30
31,31
32,32
33,33
34,34
35,35
11,36
37,37
38,38
39,39
44,40
41,41
42,42
44,43
44,44
24,45
46,46
47,47
48,48
49,49
50,50
51,51
52,52
53,53
54,54
55,55
56,56
57,57
58,58
59,59
0,0
2,1
2,2
3,3
4,4
5,5
6,6
7,7
8,8
3,9
29,10
11,11
12,12
14,13
14,14
16,15
16,16
17,17
17,18
19,19
20,20
21,21
30,22
23,23
44,24
25,25
26,26
27,27
44,28
11,29
30,30
10,31
32,32
33,33
34,34
35,35
43,36
37,37
38,38
39,39
44,40
41,41
42,42
43,43
45,44
45,45
46,46
44,47
3,48
56,49
50,50
51,51
52,52
53,53
54,54
55,55
56,56
57,57
58,58
59,59
0,0
1,1
2,2
3,3
27,4
5,5
41,6
7,7
8,8
9,9
10,10
11,11
12,12
13,13
14,14
15,15
15,16
17,17
18,18
19,19
20,20
13,21
22,22
23,23
24,24
25,25
26,26
27,27
28,28
29,29
30,30
31,31
32,32
36,33
34,34
35,35
36,36
37,37
38,38
39,39
34,40
41,41
42,42
43,43
44,44
45,45
37,46
47,47
48,48
49,49
50,50
51,51
52,52
53,53
54,54
55,55
49,56
57,57
58,58
59,59
0,0
1,1
2,2
3,3
4,4
5,5
16,6
7,7
8,8
9,9
1,10
11,11
12,12
13,13
14,14
15,15
16,16
17,17
17,18
19,19
20,20
21,21
22,22
14,23
24,24
25,25
26,26
27,27
28,28
29,29
49,30
31,31
32,32
33,33
34,34
35,35
36,36
37,37
38,38
39,39
40,40
41,41
42,42
19,43
44,44
45,45
46,46
47,47
48,48
52,49
50,50
51,51
52,52
53,53
54,54
55,55
56,56
57,57
58,58
59,59
1,0
1,1
2,2
1,4
5,5
40,6
7,7
8,8
33,9
11,10
11,11
1,12
13,13
14,14
15,15
15,16
17,17
18,18
19,19
20,20
26,21
22,22
50,23
24,24
25,25
26,26
27,27
28,28
11,29
30,30
31,31
33,32
33,33
34,34
35,35
36,36
37,37
38,38
39,39
40,40
41,41
42,42
43,43
44,44
44,45
46,46
47,47
48,48
52,49
49,50
51,51
52,52
53,53
54,54
55,55
56,56
57,57
58,58
59,59
0,0
1,1
2,2
3,3
27,4
5,5
40,6
7,7
8,8
9,9
36,10
36,11
36,12
13,13
14,14
47,15
34,16
17,17
17,18
19,19
20,20
21,21
22,22
14,23
24,24
25,25
26,26
27,27
28,28
29,29
46,30
31,31
32,32
33,33
34,34
35,35
36,36
37,37
38,38
39,39
34,40
41,41
42,42
19,43
44,44
46,45
46,46
47,47
48,48
52,49
56,50
51,51
52,52
53,53
54,54
55,55
56,56
57,57
58,58
59,59
0,0
1,1
0,2
3,3
4,4
5,5
41,6
16,7
8,8
48,9
11,10
10,11
12,12
13,13
14,14
3,15
3,16
0,17
18,18
19,19
20,20
21,21
22,22
23,23
24,24
25,25
26,26
27,27
11,28
29,29
30,30
31,31
32,32
33,33
34,34
35,35
43,36
37,37
38,38
39,39
34,40
41,41
42,42
46,43
44,44
45,45
46,46
40,47
48,48
49,49
49,50
51,51
52,52
53,53
54,54
55,55
49,56
55,57
58,58
59,59
0,0
11,1
27,2
36,3
4,4
5,5
41,6
7,7
8,8
32,9
33,10
11,11
44,12
13,13
14,14
15,15
16,16
24,17
36,18
19,19
20,20
21,21
37,22
14,23
24,24
25,25
26,26
27,27
11,28
29,29
44,30
35,31
38,32
36,33
34,34
35,35
36,36
37,37
38,38
39,39
40,40
41,41
42,42
18,43
36,44
45,45
40,46
47,47
22,48
52,49
56,50
51,51
52,52
53,53
54,54
55,55
56,56
57,57
58,58
59,59
0,0
1,1
2,2
0,3
4,4
5,5
6,6
7,7
8,8
9,9
32,10
28,11
12,12
13,13
14,14
15,15
16,16
1,17
18,18
19,19
20,20
21,21
22,22
23,23
24,24
25,25
26,26
27,27
28,28
29,29
30,30
31,31
32,32
33,33
34,34
35,35
36,36
37,37
38,38
39,39
40,40
41,41
42,42
43,43
44,44
45,45
46,46
44,47
48,48
49,49
50,50
51,51
52,52
53,53
54,54
55,55
56,56
57,57
58,58
59,59
0,0
1,1
2,2
3,3
4,4
5,5
6,6
47,7
8,8
9,9
28,10
10,11
12,12
13,13
14,14
16,15
34,16
17,17
18,18
19,19
20,20
21,21
22,22
23,23
24,24
25,25
26,26
27,27
28,28
29,29
31,30
31,31
32,32
33,33
34,34
35,35
36,36
37,37
38,38
39,39
44,40
41,41
42,42
43,43
44,44
45,45
46,46
47,47
48,48
49,49
50,50
51,51
52,52
53,53
54,54
55,55
56,56
57,57
58,58
59,59
0,0
1,1
2,2
18,3
4,4
5,5
6,6
31,7
8,8
38,9
32,10
11,11
12,12
13,13
14,14
15,15
15,16
17,17
18,18
19,19
20,20
21,21
22,22
23,23
45,24
25,25
26,26
27,27
44,28
29,29
30,30
22,31
24,32
33,33
34,34
35,35
40,36
37,37
38,38
39,39
40,40
41,41
42,42
43,43
44,44
45,45
4,46
44,47
3,48
49,49
52,50
51,51
52,52
53,53
54,54
55,55
56,56
57,57
58,58
58,59
0,0
1,1
2,2
3,3
4,4
5,5
6,6
7,7
8,8
9,9
10,10
11,11
12,12
13,13
14,14
16,15
16,16
17,17
18,18
19,19
20,20
21,21
22,22
23,23
24,24
25,25
26,26
27,27
28,28
29,29
31,30
31,31
32,32
33,33
34,34
35,35
36,36
37,37
38,38
39,39
44,40
41,41
42,42
43,43
44,44
45,45
46,46
47,47
48,48
52,49
50,50
51,51
52,52
53,53
54,54
55,55
56,56
57,57
58,58
59,59
0,0
1,1
2,2
17,3
4,4
5,5
6,6
7,7
8,8
9,9
10,10
11,11
12,12
13,13
14,14
15,15
15,16
17,17
18,18
19,19
20,20
21,21
22,22
23,23
24,24
25,25
26,26
27,27
29,28
29,29
30,30
31,31
32,32
33,33
34,34
35,35
36,36
37,37
38,38
39,39
40,40
41,41
42,42
43,43
44,44
45,45
46,46
44,47
48,48
49,49
50,50
51,51
52,52
53,53
54,54
55,55
56,56
57,57
58,58
59,59
40,0
10,1
4,2
3,3
4,4
5,5
6,6
7,7
8,8
9,9
28,10
10,11
12,12
13,13
14,14
16,15
16,16
17,17
1,18
19,19
20,20
21,21
37,22
23,23
24,24
25,25
26,26
22,27
29,28
29,29
30,30
31,31
32,32
33,33
47,34
52,35
36,36
37,37
38,38
39,39
57,40
41,41
42,42
17,43
44,44
31,45
45,46
47,47
48,48
14,49
25,50
23,51
4,52
24,53
23,54
55,55
56,56
57,57
58,58
58,59
1,0
18,1
40,2
3,3
4,4
5,5
6,6
7,7
8,8
9,9
10,10
11,11
1,12
13,13
14,14
15,15
16,16
17,17
36,18
39,19
20,20
6,21
46,22
23,23
24,24
25,25
26,26
40,27
28,28
29,29
30,30
30,31
32,32
33,33
34,34
35,35
17,36
43,37
38,38
39,39
40,40
41,41
42,42
47,43
44,44
3,45
33,46
47,47
27,48
49,49
50,50
51,51
52,52
53,53
54,54
55,55
56,56
57,57
58,58
59,59
3,0
1,1
27,2
3,3
38,4
5,5
6,6
7,7
8,8
9,9
11,10
10,11
12,12
13,13
13,14
15,15
16,16
17,17
18,18
18,19
20,20
21,21
22,22
41,23
4,24
25,25
26,26
44,27
28,28
10,29
30,30
30,31
32,32
9,33
34,34
44,35
36,36
1,37
38,38
39,39
40,40
41,41
42,42
47,43
44,44
45,45
43,46
34,47
48,48
49,49
51,50
51,51
52,52
53,53
54,54
55,55
56,56
57,57
58,58
59,59
0,0
18,1
27,2
17,3
27,4
5,5
6,6
7,7
8,8
38,9
10,10
24,11
1,12
26,13
14,14
15,15
16,16
18,18
19,19
20,20
21,21
40,22
25,23
24,24
25,25
26,26
27,27
28,28
11,29
30,30
30,31
32,32
33,33
34,34
35,35
36,36
35,37
38,38
39,39
40,40
41,41
42,42
40,43
44,44
24,45
1,46
44,47
48,48
49,49
50,50
54,51
52,52
53,53
54,54
55,55
56,56
57,57
58,58
59,59
27,0
1,1
40,2
3,3
4,4
5,5
6,6
7,7
8,8
9,9
10,10
10,11
12,12
13,13
14,14
15,15
16,16
17,17
18,18
19,19
20,20
21,21
48,22
23,23
24,24
25,25
26,26
40,27
28,28
29,29
30,30
30,31
32,32
9,33
44,34
35,35
36,36
1,37
38,38
39,39
40,40
41,41
42,42
43,43
44,44
45,45
46,46
34,47
48,48
49,49
50,50
51,51
52,52
53,53
54,54
55,55
54,56
57,57
58,58
58,59
27,0
40,1
40,2
3,3
4,4
5,5
6,6
7,7
8,8
9,9
10,10
11,11
12,12
13,13
14,14
15,15
16,16
17,17
18,18
19,19
20,20
39,21
27,22
23,23
24,24
25,25
26,26
40,27
28,28
29,29
30,30
30,31
32,32
33,33
34,34
35,35
36,36
43,37
38,38
38,39
40,40
41,41
42,42
47,43
44,44
45,45
27,46
47,47
48,48
56,49
50,50
51,51
52,52
53,53
54,54
55,55
56,56
53,57
58,58
59,59
3,0
35,1
35,2
3,3
38,4
5,5
19,6
7,7
8,8
28,9
11,10
10,11
13,13
13,14
16,15
16,16
27,17
18,18
22,19
20,20
21,21
2,22
6,23
35,24
25,25
26,26
35,27
29,28
29,29
27,30
53,31
32,32
33,33
34,34
35,35
32,36
18,37
38,38
38,39
40,40
41,41
42,42
44,43
44,44
45,45
43,46
34,47
4,48
24,49
6,50
6,51
35,52
24,53
54,54
24,55
15,56
35,57
58,58
59,59
0,0
1,1
2,2
43,3
4,4
5,5
6,6
7,7
8,8
9,9
11,10
11,11
14,12
13,13
14,14
16,15
16,16
38,17
17,18
1,19
20,20
21,21
22,22
23,23
24,24
25,25
26,26
27,27
28,28
29,29
30,30
30,31
32,32
33,33
34,34
35,35
36,36
37,37
38,38
39,39
40,40
41,41
42,42
43,43
44,44
4,45
46,46
47,47
48,48
49,49
50,50
51,51
52,52
53,53
54,54
54,55
56,56
57,57
58,58
59,59
0,0
1,1
2,2
3,3
45,4
5,5
6,6
7,7
8,8
9,9
11,10
11,11
12,12
13,13
13,14
15,15
16,16
38,17
18,18
40,19
20,20
21,21
37,22
23,23
24,24
25,25
26,26
27,27
29,28
29,29
30,30
31,31
32,32
39,33
34,34
44,35
36,36
3,37
38,38
39,39
44,40
41,41
42,42
43,43
47,44
45,45
46,46
40,47
48,48
49,49
50,50
51,51
52,52
53,53
54,54
55,55
54,56
57,57
58,58
59,59
3,0
1,1
43,2
2,3
4,4
5,5
6,6
7,7
8,8
32,9
28,10
11,11
14,12
13,13
41,14
15,15
16,16
1,17
18,18
19,19
20,20
21,21
37,22
23,23
24,24
25,25
26,26
27,27
29,28
11,29
30,30
30,31
32,32
38,33
34,34
35,35
36,36
37,37
27,38
39,39
40,40
41,41
42,42
43,43
44,44
45,45
46,46
5,47
48,48
49,49
50,50
51,51
52,52
53,53
54,54
54,55
49,56
57,57
58,58
59,59
0,0
1,1
2,2
3,3
4,4
5,5
6,6
7,7
8,8
9,9
10,10
11,11
12,12
13,13
6,14
15,15
15,16
17,17
18,18
19,19
20,20
21,21
22,22
23,23
24,24
25,25
26,26
27,27
28,28
29,29
30,30
30,31
32,32
38,33
34,34
35,35
18,36
37,37
33,38
39,39
40,40
41,41
42,42
43,43
44,44
45,45
43,46
40,47
48,48
49,49
50,50
49,51
52,52
53,53
54,54
55,55
56,56
57,57
58,58
59,59
0,0
1,1
2,2
43,3
4,4
5,5
6,6
7,7
8,8
9,9
11,10
11,11
4,12
13,13
41,14
16,15
16,16
17,17
18,18
19,19
4,20
21,21
22,22
23,23
24,24
25,25
26,26
27,27
28,28
29,29
30,30
30,31
32,32
39,33
34,34
35,35
36,36
37,37
38,38
39,39
40,40
41,41
42,42
43,43
44,44
45,45
46,46
34,47
48,48
49,49
50,50
51,51
52,52
53,53
54,54
56,55
56,56
57,57
58,58
59,59
4,1
35,2
40,3
40,4
5,5
6,6
7,7
8,8
33,9
12,12
13,13
14,14
15,15
16,16
17,17
18,18
40,19
4,20
21,21
37,22
23,23
4,24
25,25
26,26
27,27
29,28
29,29
22,30
48,31
32,32
39,33
34,34
37,35
27,36
4,37
38,38
39,39
24,40
58,41
42,42
43,43
47,44
44,45
44,46
34,47
4,48
45,49
23,50
6,51
31,52
37,53
41,54
24,55
47,56
35,57
58,58
59,59
0,0
18,1
2,2
3,3
4,4
5,5
6,6
7,7
8,8
9,9
10,10
11,11
6,12
13,13
14,14
16,15
5,16
17,17
18,18
19,19
20,20
21,21
22,22
23,23
24,24
25,25
26,26
27,27
11,28
29,29
30,30
31,31
39,32
39,33
34,34
35,35
36,36
37,37
40,38
39,39
40,40
41,41
42,42
3,43
44,44
45,45
46,46
34,47
22,48
49,49
50,50
51,51
52,52
53,53
54,54
55,55
56,56
57,57
58,58
59,59
0,0
17,1
2,2
3,3
4,4
5,5
6,6
7,7
8,8
39,9
10,10
11,11
12,12
13,13
14,14
16,15
16,16
17,17
18,18
19,19
20,20
21,21
22,22
23,23
24,24
25,25
26,26
27,27
11,28
29,29
30,30
31,31
32,32
0,33
34,34
35,35
43,36
37,37
38,38
39,39
40,40
41,41
42,42
43,43
44,44
45,45
46,46
47,47
22,48
49,49
50,50
51,51
52,52
53,53
54,54
55,55
56,56
57,57
58,58
59,59
0,0
18,1
2,2
21,3
1,4
5,5
6,6
7,7
8,8
9,9
9,10
36,11
6,12
13,13
14,14
5,15
5,16
17,17
18,18
19,19
20,20
21,21
22,22
23,23
56,24
25,25
26,26
43,27
28,28
40,29
30,30
31,31
28,32
33,33
34,34
35,35
36,36
37,37
40,38
39,39
40,40
41,41
42,42
3,43
44,44
45,45
46,46
44,47
22,48
49,49
50,50
51,51
52,52
53,53
54,54
49,55
56,56
57,57
58,58
59,59
0,0
40,1
2,2
3,3
4,4
5,5
6,6
7,7
8,8
38,9
9,10
11,11
12,12
13,13
14,14
16,15
15,16
17,17
18,18
19,19
20,20
21,21
22,22
23,23
24,24
25,25
26,26
27,27
28,28
29,29
30,30
31,31
32,32
33,33
34,34
35,35
36,36
37,37
38,38
39,39
40,40
41,41
42,42
43,43
44,44
45,45
46,46
47,47
3,48
49,49
50,50
51,51
52,52
53,53
49,54
30,55
56,56
57,57
58,58
59,59
0,0
1,1
2,2
21,3
1,4
5,5
6,6
7,7
8,8
9,9
10,10
11,11
12,12
13,13
14,14
15,15
5,16
17,17
18,18
19,19
20,20
21,21
22,22
23,23
24,24
25,25
26,26
43,27
11,28
11,29
30,30
31,31
32,32
39,33
34,34
35,35
36,36
37,37
40,38
39,39
40,40
41,41
42,42
46,43
44,44
45,45
46,46
34,47
46,48
49,49
50,50
51,51
52,52
53,53
54,54
55,55
56,56
57,57
58,58
59,59
48,0
45,1
35,2
35,3
30,4
5,5
6,6
7,7
8,8
32,9
9,10
9,11
12,12
13,13
14,14
16,15
16,16
17,17
18,18
17,19
46,20
21,21
45,22
23,23
24,24
25,25
26,26
24,27
28,28
44,29
45,30
31,31
32,32
9,33
34,34
35,35
33,36
45,37
38,38
39,39
44,40
41,41
42,42
46,43
44,44
38,45
45,46
47,47
45,48
45,49
24,50
6,51
45,52
35,53
54,54
55,55
34,56
30,57
58,58
59,59
0,0
40,1
2,2
3,3
4,4
5,5
6,6
7,7
8,8
9,9
10,10
29,11
12,12
13,13
14,14
15,15
16,16
17,17
18,18
19,19
20,20
21,21
22,22
23,23
24,24
25,25
26,26
17,27
28,28
29,29
31,30
0,31
32,32
33,33
34,34
35,35
36,36
37,37
38,38
39,39
43,40
41,41
42,42
43,43
29,44
45,45
46,46
47,47
48,48
49,49
50,50
51,51
52,52
53,53
54,54
55,55
56,56
57,57
58,58
59,59
0,0
1,1
2,2
3,3
4,4
5,5
6,6
7,7
8,8
9,9
10,10
29,11
12,12
13,13
14,14
16,15
16,16
17,17
18,18
19,19
20,20
21,21
22,22
23,23
24,24
25,25
26,26
17,27
28,28
29,29
30,30
0,31
32,32
33,33
34,34
35,35
36,36
37,37
38,38
39,39
27,40
41,41
42,42
43,43
24,44
45,45
13,46
47,47
48,48
49,49
50,50
51,51
52,52
53,53
54,54
55,55
56,56
57,57
58,58
59,59
0,0
40,1
2,2
3,3
4,4
5,5
6,6
7,7
8,8
9,9
10,10
29,11
12,12
13,13
14,14
16,15
16,16
17,17
18,18
19,19
20,20
22,21
31,22
23,23
24,24
25,25
26,26
17,27
28,28
29,29
31,30
31,31
32,32
33,33
34,34
35,35
36,36
32,37
38,38
39,39
38,40
41,41
42,42
43,43
29,44
44,45
46,46
47,47
48,48
49,49
50,50
51,51
52,52
53,53
54,54
55,55
56,56
57,57
58,58
59,59
2,0
1,1
2,2
3,3
4,4
5,5
6,6
7,7
8,8
9,9
10,10
11,11
12,12
13,13
14,14
16,15
16,16
17,17
18,18
19,19
20,20
21,21
22,22
23,23
24,24
25,25
26,26
17,27
28,28
29,29
30,30
31,31
32,32
33,33
34,34
35,35
36,36
37,37
38,38
39,39
27,40
41,41
42,42
43,43
44,44
45,45
46,46
47,47
48,48
49,49
50,50
51,51
52,52
53,53
54,54
55,55
56,56
56,57
58,58
59,59
0,0
40,1
2,2
43,3
4,4
5,5
6,6
7,7
8,8
9,9
10,10
11,11
12,12
13,13
14,14
16,15
16,16
17,17
18,18
19,19
20,20
21,21
22,22
23,23
24,24
25,25
26,26
27,27
28,28
29,29
31,30
31,31
32,32
33,33
34,34
35,35
36,36
37,37
38,38
39,39
40,40
41,41
42,42
43,43
44,44
45,45
46,46
47,47
48,48
49,49
50,50
51,51
52,52
53,53
54,54
55,55
56,56
57,57
58,58
59,59
0,0
1,1
36,2
3,3
4,4
5,5
6,6
7,7
8,8
9,9
10,10
11,11
12,12
13,13
14,14
16,15
16,16
17,17
18,18
19,19
20,20
21,21
22,22
23,23
24,24
25,25
26,26
0,27
28,28
11,29
31,30
0,31
32,32
33,33
34,34
35,35
36,36
35,37
9,38
39,39
2,40
41,41
42,42
43,43
44,44
45,45
3,46
44,47
48,48
49,49
50,50
51,51
52,52
53,53
54,54
55,55
56,56
57,57
58,58
59,59
27,0
27,1
2,2
3,3
4,4
5,5
6,6
7,7
8,8
33,9
10,10
11,11
10,12
13,13
14,14
16,15
16,16
17,17
18,18
19,19
20,20
21,21
22,22
23,23
24,24
25,25
26,26
27,27
28,28
29,29
30,30
17,31
32,32
33,33
34,34
35,35
36,36
37,37
38,38
39,39
43,40
41,41
42,42
43,43
44,44
45,45
43,46
44,47
48,48
49,49
50,50
51,51
52,52
53,53
54,54
55,55
56,56
57,57
58,58
59,59
27,0
27,1
2,2
3,3
4,4
5,5
6,6
7,7
8,8
9,9
10,10
10,11
12,12
13,13
14,14
16,15
16,16
17,17
18,18
19,19
20,20
21,21
22,22
23,23
24,24
25,25
26,26
27,27
28,28
29,29
30,30
53,31
32,32
33,33
34,34
35,35
40,36
37,37
38,38
39,39
40,40
41,41
42,42
43,43
44,44
45,45
43,46
47,47
48,48
49,49
50,50
51,51
52,52
53,53
54,54
55,55
56,56
57,57
58,58
59,59
27,0
2,1
36,2
3,3
4,4
5,5
6,6
7,7
8,8
9,9
29,10
29,11
10,12
13,13
14,14
23,15
16,16
17,17
18,18
19,19
20,20
21,21
22,22
23,23
24,24
25,25
26,26
40,27
29,28
29,29
30,30
30,31
32,32
33,33
34,34
35,35
36,36
37,37
38,38
39,39
43,40
41,41
42,42
43,43
44,44
45,45
43,46
44,47
48,48
49,49
50,50
51,51
52,52
53,53
54,54
55,55
56,56
57,57
58,58
59,59
2,0
27,1
2,2
3,3
4,4
5,5
6,6
7,7
8,8
9,9
28,10
10,11
12,12
13,13
14,14
16,15
16,16
17,17
18,18
19,19
20,20
21,21
22,22
23,23
24,24
25,25
26,26
27,27
28,28
29,29
30,30
31,31
32,32
33,33
34,34
35,35
36,36
37,37
38,38
39,39
40,40
41,41
42,42
43,43
24,44
45,45
43,46
47,47
48,48
49,49
50,50
51,51
52,52
53,53
54,54
55,55
56,56
57,57
58,58
59,59
27,0
27,1
2,2
3,3
4,4
5,5
6,6
7,7
8,8
9,9
10,10
10,11
12,12
13,13
14,14
16,15
16,16
17,17
18,18
19,19
20,20
21,21
22,22
23,23
24,24
25,25
26,26
17,27
28,28
29,29
30,30
18,31
32,32
33,33
34,34
35,35
36,36
37,37
38,38
39,39
27,40
41,41
42,42
43,43
44,44
45,45
43,46
44,47
48,48
49,49
50,50
51,51
52,52
53,53
54,54
55,55
56,56
57,57
58,58
59,59
43,0
27,1
2,2
3,3
37,4
5,5
6,6
7,7
8,8
9,9
33,10
28,11
12,12
13,13
14,14
16,15
34,16
17,17
3,18
37,19
20,20
21,21
22,22
23,23
24,24
25,25
26,26
37,27
28,28
29,29
30,30
31,31
32,32
33,33
34,34
35,35
43,36
37,37
38,38
39,39
43,40
41,41
42,42
43,43
45,44
45,45
46,46
47,47
48,48
49,49
50,50
51,51
52,52
53,53
54,54
55,55
56,56
57,57
58,58
59,59
17,0
2,1
2,2
3,3
4,4
5,5
6,6
7,7
8,8
9,9
10,10
28,11
12,12
13,13
14,14
23,15
16,16
17,17
18,18
19,19
20,20
21,21
22,22
23,23
24,24
25,25
26,26
27,27
28,28
11,29
30,30
43,31
32,32
33,33
34,34
35,35
36,36
37,37
38,38
39,39
2,40
41,41
42,42
43,43
44,44
45,45
43,46
47,47
48,48
49,49
50,50
51,51
52,52
53,53
54,54
55,55
56,56
57,57
58,58
59,59
0,0
2,1
2,2
3,3
4,4
5,5
6,6
7,7
8,8
9,9
10,10
33,11
12,12
13,13
14,14
16,15
16,16
17,17
18,18
37,19
20,20
21,21
22,22
23,23
24,24
25,25
26,26
17,27
28,28
10,29
30,30
31,31
32,32
33,33
34,34
35,35
36,36
37,37
38,38
39,39
2,40
41,41
42,42
43,43
44,44
45,45
43,46
44,47
48,48
49,49
50,50
51,51
52,52
53,53
54,54
55,55
56,56
57,57
58,58
59,59
0,0
43,1
2,2
3,3
4,4
5,5
6,6
7,7
8,8
11,9
29,10
11,11
12,12
13,13
14,14
23,15
23,16
17,17
18,18
3,19
20,20
21,21
22,22
23,23
24,24
25,25
26,26
27,27
29,28
11,29
30,30
48,31
32,32
33,33
34,34
35,35
36,36
37,37
38,38
39,39
43,40
41,41
42,42
43,43
45,44
45,45
46,46
47,47
48,48
49,49
50,50
51,51
52,52
53,53
54,54
55,55
56,56
57,57
58,58
59,59
43,0
2,1
2,2
3,3
4,4
5,5
6,6
7,7
8,8
9,9
10,10
10,11
12,12
13,13
14,14
16,15
16,16
17,17
18,18
19,19
20,20
21,21
22,22
23,23
24,24
25,25
26,26
17,27
28,28
29,29
30,30
22,31
32,32
33,33
34,34
35,35
36,36
37,37
38,38
39,39
2,40
41,41
42,42
43,43
44,44
45,45
43,46
47,47
48,48
49,49
50,50
51,51
52,52
53,53
54,54
55,55
56,56
57,57
58,58
59,59
0,0
27,1
2,2
3,3
4,4
5,5
6,6
7,7
8,8
9,9
10,10
11,11
12,12
13,13
14,14
16,15
16,16
17,17
18,18
19,19
20,20
21,21
22,22
23,23
24,24
25,25
26,26
27,27
1,28
10,29
30,30
3,31
32,32
33,33
34,34
35,35
36,36
37,37
38,38
39,39
27,40
41,41
42,42
43,43
24,44
45,45
46,46
47,47
48,48
49,49
50,50
51,51
52,52
53,53
54,54
55,55
56,56
57,57
58,58
59,59
37,0
2,1
3,2
48,3
4,4
5,5
6,6
7,7
8,8
9,9
29,10
11,11
12,12
13,13
14,14
16,15
23,16
32,17
18,18
22,19
21,20
21,21
22,22
23,23
24,24
25,25
26,26
48,27
28,28
11,29
30,30
22,31
32,32
33,33
34,34
35,35
36,36
45,37
38,38
39,39
2,40
41,41
42,42
43,43
44,44
45,45
46,46
44,47
48,48
49,49
50,50
51,51
53,52
53,53
54,54
55,55
56,56
57,57
58,58
59,59
46,0
18,1
2,2
3,3
4,4
5,5
6,6
7,7
8,8
9,9
48,10
10,11
12,12
13,13
14,14
23,15
16,16
17,17
18,18
19,19
20,20
21,21
22,22
23,23
24,24
25,25
26,26
27,27
28,28
10,29
30,30
22,31
32,32
33,33
34,34
35,35
36,36
37,37
38,38
39,39
43,40
41,41
42,42
43,43
44,44
45,45
43,46
47,47
48,48
49,49
50,50
51,51
52,52
53,53
54,54
55,55
56,56
57,57
58,58
59,59
0,0
1,1
2,2
3,3
4,4
5,5
6,6
7,7
8,8
9,9
11,10
11,11
12,12
13,13
14,14
15,15
23,16
17,17
18,18
19,19
20,20
21,21
22,22
23,23
24,24
25,25
26,26
17,27
28,28
29,29
30,30
31,31
32,32
33,33
34,34
35,35
36,36
37,37
39,38
39,39
40,40
41,41
42,42
43,43
44,44
45,45
46,46
47,47
48,48
49,49
50,50
51,51
52,52
53,53
54,54
55,55
56,56
57,57
58,58
59,59
46,0
18,1
2,2
3,3
27,4
5,5
6,6
7,7
7,8
9,9
10,10
10,11
38,12
13,13
14,14
23,15
4,16
17,17
18,18
19,19
20,20
21,21
22,22
23,23
44,24
25,25
26,26
17,27
28,28
11,29
30,30
22,31
53,32
33,33
34,34
35,35
36,36
37,37
39,38
39,39
1,40
41,41
42,42
36,43
44,44
45,45
46,46
44,47
48,48
49,49
50,50
51,51
52,52
53,53
54,54
55,55
56,56
57,57
58,58
59,59
0,0
1,1
2,2
3,3
4,4
5,5
6,6
7,7
8,8
9,9
10,10
10,11
12,12
13,13
14,14
16,15
23,16
17,17
18,18
19,19
20,20
21,21
22,22
23,23
24,24
25,25
26,26
17,27
28,28
11,29
30,30
31,31
32,32
33,33
34,34
35,35
36,36
37,37
39,38
39,39
40,40
41,41
42,42
43,43
44,44
45,45
46,46
47,47
48,48
49,49
50,50
51,51
52,52
53,53
54,54
55,55
56,56
57,57
58,58
59,59
0,0
1,1
2,2
3,3
4,4
5,5
6,6
7,7
8,8
9,9
10,10
10,11
12,12
13,13
14,14
16,15
16,16
17,17
18,18
19,19
20,20
21,21
22,22
23,23
24,24
25,25
26,26
17,27
28,28
29,29
30,30
30,31
32,32
33,33
34,34
35,35
36,36
37,37
38,38
39,39
40,40
41,41
42,42
43,43
46,44
45,45
46,46
47,47
48,48
49,49
50,50
51,51
57,52
53,53
54,54
55,55
56,56
57,57
58,58
59,59
24,0
37,1
48,2
3,3
4,4
5,5
6,6
7,7
15,8
9,9
11,10
10,11
12,12
13,13
14,14
25,15
23,16
17,17
20,18
22,19
20,20
22,21
22,22
23,23
24,24
25,25
26,26
2,27
28,28
17,29
30,30
31,31
32,32
33,33
34,34
35,35
43,36
37,37
39,38
39,39
40,40
41,41
42,42
43,43
44,44
45,45
46,46
44,47
48,48
49,49
50,50
51,51
52,52
53,53
54,54
55,55
56,56
57,57
58,58
59,59
27,0
1,1
2,2
3,3
44,4
5,5
6,6
7,7
8,8
9,9
10,10
10,11
12,12
13,13
14,14
15,15
15,16
17,17
18,18
19,19
20,20
21,21
22,22
23,23
44,24
25,25
26,26
27,27
10,28
29,29
30,30
31,31
32,32
33,33
34,34
35,35
3,36
37,37
38,38
39,39
40,40
41,41
42,42
43,43
44,44
45,45
46,46
47,47
48,48
49,49
50,50
51,51
52,52
53,53
54,54
57,55
56,56
57,57
58,58
59,59
0,0
1,1
43,2
3,3
35,4
5,5
6,6
7,7
8,8
9,9
10,10
11,11
12,12
13,13
14,14
15,15
16,16
17,17
18,18
19,19
20,20
21,21
22,22
23,23
44,24
25,25
26,26
27,27
11,28
29,29
30,30
31,31
32,32
33,33
34,34
35,35
36,36
37,37
38,38
19,39
40,40
41,41
42,42
43,43
44,44
44,45
46,46
34,47
48,48
49,49
50,50
51,51
52,52
53,53
54,54
55,55
56,56
57,57
58,58
59,59
27,0
1,1
2,2
3,3
4,4
5,5
6,6
7,7
8,8
9,9
11,10
11,11
12,12
13,13
14,14
15,15
15,16
17,17
48,18
19,19
20,20
21,21
48,22
23,23
24,24
25,25
26,26
3,27
28,28
3,29
30,30
30,31
37,32
33,33
34,34
35,35
3,36
37,37
38,38
39,39
44,40
41,41
42,42
46,43
44,44
45,45
46,46
47,47
48,48
50,50
50,51
52,52
53,53
54,54
55,55
56,56
57,57
58,58
59,59
0,0
1,1
2,2
3,3
4,4
5,5
6,6
7,7
8,8
9,9
36,10
11,11
0,12
13,13
14,14
15,15
15,16
0,17
18,18
19,19
20,20
21,21
22,22
23,23
24,24
25,25
26,26
27,27
28,28
29,29
30,30
31,31
32,32
38,33
34,34
35,35
36,36
37,37
38,38
39,39
40,40
41,41
42,42
43,43
44,44
45,45
45,46
34,47
38,48
49,49
50,50
51,51
53,52
53,53
54,54
55,55
56,56
57,57
58,58
58,59
0,0
1,1
43,2
3,3
44,4
5,5
6,6
7,7
8,8
2,9
29,10
18,11
12,12
13,13
14,14
15,15
15,16
17,17
18,18
19,19
20,20
21,21
22,22
23,23
24,24
25,25
26,26
27,27
28,28
29,29
30,30
31,31
32,32
38,33
34,34
35,35
36,36
37,37
38,38
39,39
40,40
41,41
42,42
43,43
44,44
45,45
46,46
47,47
48,48
49,49
50,50
51,51
52,52
53,53
54,54
57,55
56,56
57,57
58,58
59,59
0,0
1,1
35,2
3,3
35,4
5,5
6,6
7,7
8,8
33,9
10,10
11,11
0,12
13,13
14,14
15,15
15,16
43,17
38,18
19,19
20,20
21,21
27,22
23,23
37,24
25,25
26,26
2,27
28,28
29,29
30,30
31,31
38,32
33,33
34,34
3,35
48,36
37,37
38,38
39,39
40,40
41,41
42,42
2,43
44,44
45,45
45,46
34,47
4,48
49,49
50,50
51,51
53,52
53,53
54,54
55,55
56,56
57,57
58,58
59,59
0,0
18,1
1,2
1,3
4,4
5,5
6,6
7,7
8,8
9,9
11,10
18,11
12,12
13,13
14,14
15,15
16,16
0,17
18,18
19,19
20,20
21,21
2,22
23,23
9,24
25,25
26,26
27,27
28,28
11,29
30,30
30,31
32,32
33,33
5,34
43,35
3,36
37,37
38,38
39,39
40,40
41,41
42,42
43,43
44,44
45,45
46,46
47,47
3,48
49,49
50,50
51,51
53,52
53,53
54,54
55,55
56,56
57,57
58,58
59,59
36,0
1,1
2,2
3,3
29,4
5,5
6,6
7,7
8,8
33,9
10,10
11,11
12,12
13,13
14,14
15,15
25,16
17,17
18,18
19,19
20,20
21,21
48,22
23,23
24,24
25,25
26,26
36,27
28,28
48,29
30,30
31,31
37,32
40,33
34,34
28,35
36,36
39,37
38,38
39,39
46,40
41,41
42,42
3,43
47,44
45,45
45,46
47,47
48,48
49,49
50,50
51,51
52,52
53,53
54,54
55,55
56,56
57,57
58,58
59,59
0,0
18,1
0,2
3,3
4,4
5,5
6,6
7,7
8,8
36,9
10,10
32,11
12,12
15,13
14,14
15,15
15,16
3,17
18,18
19,19
20,20
13,21
3,22
23,23
35,24
25,25
26,26
27,27
28,28
15,29
31,30
30,31
11,32
29,33
47,34
35,35
3,36
37,37
38,38
39,39
40,40
41,41
42,42
46,43
44,44
45,45
46,46
47,47
48,48
49,49
50,50
51,51
53,52
53,53
54,54
55,55
56,56
57,57
58,58
59,59
0,0
1,1
2,2
3,3
4,4
5,5
6,6
7,7
8,8
9,9
3,10
11,11
12,12
13,13
14,14
15,15
23,16
17,17
18,18
19,19
20,20
21,21
48,22
23,23
45,24
25,25
26,26
17,27
28,28
11,29
30,30
31,31
37,32
33,33
34,34
35,35
36,36
37,37
38,38
39,39
40,40
41,41
42,42
3,43
47,44
45,45
46,46
47,47
48,48
49,49
50,50
51,51
52,52
52,53
54,54
55,55
54,56
57,57
58,58
59,59
0,0
18,1
2,2
3,3
35,4
5,5
6,6
7,7
8,8
33,9
12,10
11,11
12,12
13,13
14,14
16,15
15,16
17,17
18,18
19,19
20,20
21,21
22,22
23,23
0,24
25,25
26,26
27,27
28,28
36,29
30,30
31,31
32,32
33,33
47,34
35,35
48,36
37,37
38,38
39,39
40,40
41,41
42,42
43,43
47,44
45,45
46,46
47,47
48,48
49,49
50,50
51,51
52,52
53,53
54,54
55,55
56,56
57,57
58,58
59,59
0,0
1,1
0,2
3,3
4,4
5,5
6,6
7,7
8,8
33,9
48,10
29,11
31,12
13,13
14,14
36,16
3,17
3,18
19,19
20,20
21,21
48,22
24,23
28,24
25,25
26,26
3,27
29,28
1,29
30,30
31,31
37,32
3,33
5,34
28,35
48,36
35,37
3,38
19,39
45,40
41,41
58,42
3,43
47,44
45,45
46,46
47,47
22,48
49,49
50,50
51,51
52,52
52,53
54,54
55,55
56,56
57,57
58,58
59,59
2,0
1,1
2,2
3,3
4,4
5,5
6,6
7,7
8,8
33,9
10,10
11,11
12,12
13,13
14,14
15,15
15,16
17,17
18,18
19,19
20,20
22,21
22,22
23,23
24,24
25,25
26,26
27,27
28,28
29,29
30,30
31,31
32,32
33,33
34,34
35,35
36,36
37,37
38,38
39,39
40,40
41,41
42,42
43,43
44,44
44,45
46,46
47,47
48,48
49,49
50,50
51,51
52,52
53,53
55,55
56,56
57,57
58,58
59,59
43,0
18,1
37,2
3,3
4,4
5,5
6,6
7,7
8,8
9,9
10,10
11,11
12,12
13,13
14,14
16,15
16,16
17,17
18,18
19,19
20,20
21,21
22,22
23,23
15,24
25,25
26,26
1,27
10,28
11,29
30,30
31,31
32,32
33,33
34,34
43,35
36,36
37,37
38,38
39,39
40,40
41,41
42,42
43,43
44,44
40,45
3,46
47,47
48,48
49,49
50,50
51,51
52,52
57,53
36,55
56,56
36,57
58,58
59,59
38,0
24,1
2,2
46,3
4,4
5,5
6,6
7,7
8,8
9,9
10,10
11,11
13,12
13,13
14,14
15,15
15,16
17,17
18,18
19,19
20,20
21,21
22,22
23,23
24,24
25,25
26,26
27,27
28,28
3,29
30,30
31,31
32,32
33,33
34,34
35,35
36,36
37,37
38,38
39,39
40,40
41,41
42,42
43,43
44,44
46,45
36,46
47,47
48,48
49,49
50,50
51,51
52,52
53,53
54,54
55,55
56,56
57,57
58,58
59,59
0,0
1,1
2,2
3,3
4,4
5,5
6,6
7,7
8,8
33,9
10,10
11,11
12,12
13,13
14,14
15,15
15,16
17,17
20,18
19,19
20,20
21,21
22,22
23,23
45,24
25,25
26,26
36,27
28,28
11,29
30,30
31,31
32,32
33,33
34,34
35,35
36,36
37,37
38,38
39,39
40,40
41,41
42,42
43,43
47,44
14,45
3,46
47,47
48,48
49,49
50,50
51,51
52,52
53,53
59,54
55,55
56,56
57,57
58,58
59,59
2,0
1,1
2,2
3,3
4,4
5,5
6,6
7,7
8,8
38,9
10,10
11,11
12,12
13,13
14,14
15,15
15,16
17,17
18,18
19,19
20,20
22,21
22,22
23,23
24,24
25,25
26,26
27,27
28,28
11,29
18,30
30,31
32,32
33,33
34,34
35,35
36,36
37,37
38,38
39,39
40,40
41,41
42,42
43,43
44,44
24,45
46,46
47,47
48,48
49,49
50,50
51,51
52,52
57,53
54,54
55,55
56,56
57,57
58,58
59,59
0,0
18,1
27,2
3,3
4,4
5,5
6,6
7,7
8,8
29,9
10,10
11,11
12,12
13,13
14,14
15,15
15,16
17,17
18,18
19,19
20,20
21,21
22,22
45,23
40,24
25,25
26,26
1,27
28,28
29,29
30,30
30,31
32,32
17,33
34,34
35,35
36,36
37,37
38,38
39,39
40,40
41,41
42,42
43,43
44,44
34,45
43,46
44,47
48,48
49,49
50,50
51,51
52,52
53,53
54,54
55,55
56,56
57,57
58,58
59,59
