0,0
1,1
2,2
3,3
4,4
5,5
6,6
7,7
8,8
9,9
10,10
11,11
10,12
13,13
14,14
15,15
16,16
17,17
18,18
19,19
20,20
21,21
22,22
23,23
24,24
25,25
26,26
27,27
28,28
29,29
30,30
31,31
32,32
33,33
34,34
35,35
36,36
37,37
44,38
39,39
40,40
41,41
42,42
43,43
44,44
45,45
46,46
40,47
48,48
49,49
50,50
51,51
52,52
53,53
54,54
55,55
56,56
57,57
58,58
59,59
0,0
1,1
2,2
3,3
4,4
5,5
6,6
7,7
8,8
9,9
29,10
29,11
12,12
13,13
14,14
15,15
16,16
17,17
18,18
3,19
20,20
21,21
22,22
23,23
24,24
25,25
26,26
27,27
28,28
35,29
31,30
31,31
32,32
33,33
34,34
35,35
36,36
37,37
46,38
9,39
40,40
41,41
42,42
43,43
44,44
45,45
46,46
47,47
48,48
49,49
50,50
51,51
52,52
53,53
54,54
55,55
56,56
57,57
58,58
59,59
0,0
1,1
2,2
3,3
4,4
5,5
6,6
7,7
8,8
9,9
10,10
11,11
10,12
13,13
14,14
15,15
16,16
17,17
18,18
19,19
20,20
21,21
22,22
23,23
24,24
25,25
26,26
27,27
10,28
29,29
30,30
31,31
32,32
33,33
34,34
35,35
36,36
37,37
38,38
39,39
40,40
41,41
42,42
43,43
24,44
35,45
46,46
47,47
48,48
49,49
50,50
51,51
52,52
53,53
54,54
55,55
56,56
57,57
58,58
59,59
0,0
1,1
2,2
3,3
4,4
5,5
6,6
7,7
8,8
22,9
28,10
29,11
12,12
13,13
14,14
15,15
16,16
17,17
18,18
3,19
20,20
21,21
22,22
23,23
24,24
25,25
26,26
27,27
28,28
35,29
31,30
31,31
32,32
33,33
34,34
35,35
36,36
37,37
44,38
39,39
40,40
41,41
42,42
43,43
44,44
45,45
46,46
47,47
48,48
49,49
23,50
51,51
52,52
53,53
54,54
55,55
56,56
57,57
58,58
59,59
0,0
1,1
2,2
3,3
4,4
5,5
6,6
7,7
8,8
9,9
10,10
11,11
12,12
13,13
14,14
15,15
16,16
17,17
18,18
19,19
20,20
21,21
22,22
23,23
24,24
25,25
26,26
27,27
28,28
29,29
30,30
31,31
32,32
33,33
34,34
35,35
36,36
37,37
38,38
39,39
40,40
41,41
42,42
43,43
44,44
45,45
46,46
47,47
48,48
49,49
50,50
51,51
52,52
53,53
54,54
55,55
56,56
57,57
58,58
59,59
2,0
1,1
2,2
3,3
4,4
5,5
6,6
7,7
8,8
48,9
10,10
29,11
12,12
13,13
14,14
15,15
16,16
17,17
18,18
13,19
20,20
21,21
22,22
23,23
46,24
25,25
26,26
27,27
44,28
35,29
30,30
31,31
22,32
33,33
34,34
35,35
36,36
37,37
38,38
9,39
40,40
41,41
42,42
43,43
40,44
45,45
46,46
47,47
31,48
49,49
50,50
51,51
52,52
53,53
54,54
55,55
56,56
57,57
58,58
59,59
0,0
28,1
2,2
3,3
4,4
5,5
6,6
7,7
8,8
9,9
10,10
28,11
12,12
13,13
14,14
15,15
23,16
17,17
18,18
19,19
20,20
21,21
22,22
23,23
24,24
25,25
26,26
27,27
28,28
29,29
30,30
31,31
32,32
33,33
34,34
35,35
36,36
37,37
38,38
39,39
40,40
41,41
42,42
27,43
44,44
45,45
46,46
47,47
48,48
49,49
50,50
51,51
52,52
53,53
54,54
55,55
56,56
57,57
58,58
59,59
0,0
1,1
2,2
3,3
4,4
5,5
6,6
7,7
8,8
33,9
29,10
11,11
12,12
13,13
14,14
15,15
16,16
17,17
18,18
19,19
20,20
21,21
22,22
23,23
18,24
25,25
26,26
27,27
11,28
35,29
30,30
31,31
32,32
33,33
34,34
35,35
36,36
37,37
38,38
39,39
40,40
41,41
42,42
43,43
44,44
45,45
46,46
47,47
48,48
49,49
50,50
51,51
52,52
53,53
54,54
55,55
56,56
57,57
58,58
59,59
2,0
1,1
2,2
3,3
4,4
5,5
6,6
7,7
8,8
9,9
10,10
11,11
10,12
13,13
14,14
16,15
23,16
17,17
18,18
19,19
20,20
21,21
22,22
23,23
24,24
25,25
26,26
27,27
28,28
29,29
30,30
31,31
32,32
33,33
34,34
35,35
36,36
27,37
38,38
39,39
40,40
41,41
42,42
43,43
44,44
45,45
46,46
47,47
48,48
49,49
50,50
51,51
52,52
53,53
54,54
55,55
56,56
57,57
58,58
59,59
0,0
1,1
2,2
3,3
4,4
5,5
6,6
7,7
8,8
9,9
29,10
11,11
12,12
13,13
14,14
15,15
16,16
17,17
18,18
19,19
20,20
21,21
22,22
23,23
18,24
25,25
26,26
27,27
28,28
35,29
30,30
31,31
32,32
33,33
34,34
35,35
36,36
37,37
38,38
39,39
40,40
41,41
42,42
43,43
44,44
45,45
46,46
47,47
48,48
49,49
50,50
51,51
52,52
53,53
54,54
55,55
56,56
57,57
58,58
59,59
0,0
1,1
2,2
3,3
4,4
5,5
6,6
7,7
8,8
9,9
10,10
11,11
12,12
13,13
14,14
15,15
23,16
17,17
18,18
19,19
20,20
21,21
22,22
23,23
24,24
25,25
26,26
27,27
28,28
29,29
30,30
31,31
32,32
33,33
34,34
35,35
36,36
37,37
38,38
39,39
40,40
41,41
42,42
43,43
44,44
45,45
46,46
47,47
22,48
49,49
50,50
51,51
52,52
53,53
54,54
55,55
56,56
57,57
58,58
59,59
0,0
1,1
2,2
3,3
4,4
5,5
14,6
7,7
8,8
9,9
29,10
11,11
12,12
13,13
14,14
15,15
16,16
17,17
18,18
19,19
20,20
21,21
22,22
23,23
1,24
25,25
26,26
27,27
28,28
29,29
30,30
31,31
27,32
10,33
34,34
35,35
46,36
37,37
38,38
39,39
40,40
41,41
42,42
43,43
44,44
45,45
46,46
47,47
48,48
49,49
49,50
51,51
52,52
53,53
54,54
55,55
56,56
57,57
58,58
59,59
0,0
1,1
2,2
3,3
4,4
5,5
6,6
7,7
8,8
9,9
32,10
11,11
12,12
13,13
14,14
15,15
16,16
17,17
18,18
19,19
20,20
21,21
22,22
23,23
24,24
25,25
26,26
27,27
28,28
29,29
30,30
31,31
32,32
33,33
34,34
35,35
36,36
37,37
38,38
39,39
38,40
41,41
42,42
43,43
44,44
45,45
46,46
47,47
48,48
49,49
50,50
51,51
52,52
53,53
54,54
55,55
56,56
57,57
58,58
59,59
0,0
1,1
2,2
3,3
4,4
5,5
6,6
7,7
8,8
9,9
10,10
11,11
12,12
13,13
14,14
15,15
23,16
17,17
18,18
19,19
20,20
21,21
22,22
23,23
32,24
25,25
26,26
27,27
28,28
29,29
30,30
31,31
32,32
33,33
34,34
35,35
36,36
37,37
38,38
39,39
40,40
41,41
42,42
43,43
44,44
45,45
46,46
47,47
48,48
49,49
50,50
51,51
52,52
53,53
54,54
55,55
56,56
49,57
58,58
59,59
0,0
0,1
2,2
3,3
4,4
5,5
6,6
7,7
8,8
9,9
10,10
29,11
13,13
14,14
15,15
16,16
17,17
18,18
19,19
20,20
21,21
22,22
23,23
24,24
25,25
26,26
27,27
28,28
29,29
30,30
31,31
32,32
9,33
34,34
35,35
36,36
37,37
38,38
39,39
40,40
41,41
42,42
43,43
44,44
45,45
46,46
34,47
48,48
49,49
50,50
51,51
52,52
53,53
54,54
55,55
56,56
57,57
58,58
59,59
0,0
1,1
2,2
3,3
4,4
5,5
6,6
7,7
8,8
9,9
10,10
11,11
12,12
13,13
14,14
15,15
23,16
17,17
18,18
19,19
20,20
21,21
22,22
23,23
38,24
25,25
26,26
27,27
28,28
29,29
30,30
31,31
32,32
33,33
34,34
35,35
36,36
37,37
38,38
39,39
40,40
41,41
42,42
43,43
44,44
45,45
46,46
47,47
48,48
49,49
50,50
51,51
52,52
53,53
54,54
55,55
56,56
57,57
58,58
59,59
0,0
1,1
2,2
3,3
4,4
5,5
6,6
7,7
8,8
9,9
28,10
29,11
12,12
13,13
14,14
15,15
16,16
17,17
18,18
19,19
20,20
21,21
22,22
23,23
24,24
25,25
26,26
27,27
28,28
29,29
30,30
31,31
32,32
33,33
34,34
35,35
36,36
37,37
38,38
39,39
40,40
41,41
42,42
43,43
44,44
45,45
46,46
47,47
48,48
49,49
50,50
51,51
52,52
53,53
54,54
55,55
56,56
57,57
58,58
59,59
0,0
1,1
43,2
3,3
4,4
5,5
6,6
7,7
8,8
9,9
10,10
10,11
12,12
13,13
14,14
15,15
23,16
17,17
18,18
19,19
20,20
21,21
22,22
23,23
46,24
25,25
26,26
27,27
28,28
29,29
30,30
31,31
32,32
33,33
34,34
35,35
36,36
37,37
40,38
39,39
40,40
41,41
42,42
43,43
45,44
45,45
46,46
47,47
48,48
49,49
50,50
51,51
52,52
53,53
54,54
55,55
56,56
56,57
58,58
59,59
0,0
1,1
2,2
3,3
4,4
5,5
6,6
7,7
8,8
9,9
10,10
11,11
12,12
13,13
14,14
15,15
16,16
17,17
18,18
19,19
20,20
21,21
22,22
23,23
24,24
25,25
26,26
27,27
28,28
29,29
30,30
31,31
32,32
33,33
34,34
4,35
36,36
37,37
38,38
39,39
40,40
41,41
42,42
43,43
44,44
45,45
46,46
47,47
48,48
49,49
50,50
51,51
52,52
53,53
54,54
55,55
56,56
57,57
58,58
59,59
0,0
1,1
2,2
3,3
4,4
5,5
6,6
7,7
8,8
9,9
10,10
11,11
12,12
13,13
14,14
23,15
23,16
17,17
18,18
19,19
20,20
21,21
22,22
23,23
24,24
25,25
26,26
27,27
28,28
29,29
30,30
31,31
32,32
12,33
34,34
35,35
36,36
37,37
39,38
39,39
40,40
41,41
42,42
43,43
44,44
45,45
46,46
47,47
22,48
49,49
50,50
51,51
52,52
53,53
54,54
55,55
56,56
57,57
58,58
59,59
0,0
1,1
2,2
3,3
4,4
5,5
6,6
7,7
8,8
9,9
10,10
11,11
12,12
13,13
14,14
23,15
23,16
17,17
18,18
19,19
20,20
21,21
22,22
23,23
24,24
25,25
26,26
27,27
28,28
11,29
30,30
31,31
32,32
33,33
34,34
35,35
36,36
37,37
44,38
39,39
40,40
41,41
42,42
43,43
44,44
24,45
36,46
47,47
48,48
49,49
50,50
51,51
52,52
53,53
54,54
55,55
56,56
57,57
58,58
59,59
0,0
1,1
2,2
3,3
4,4
5,5
6,6
7,7
8,8
9,9
10,10
11,11
12,12
13,13
14,14
24,15
23,16
17,17
18,18
19,19
20,20
21,21
22,22
23,23
24,24
25,25
26,26
27,27
28,28
29,29
31,30
31,31
32,32
12,33
34,34
35,35
36,36
37,37
32,38
39,39
40,40
41,41
42,42
43,43
44,44
45,45
46,46
47,47
48,48
49,49
50,50
51,51
52,52
53,53
54,54
55,55
56,56
57,57
58,58
59,59
0,0
1,1
2,2
3,3
4,4
5,5
6,6
7,7
8,8
9,9
10,10
10,11
12,12
13,13
14,14
16,15
16,16
17,17
18,18
19,19
20,20
21,21
22,22
23,23
24,24
25,25
26,26
27,27
28,28
29,29
30,30
31,31
32,32
33,33
34,34
35,35
36,36
37,37
38,38
39,39
40,40
41,41
42,42
43,43
44,44
45,45
46,46
40,47
48,48
49,49
50,50
51,51
52,52
53,53
54,54
55,55
56,56
57,57
58,58
59,59
0,0
1,1
2,2
43,3
4,4
5,5
6,6
7,7
8,8
9,9
10,10
11,11
12,12
13,13
14,14
23,15
24,16
17,17
18,18
13,19
20,20
21,21
22,22
23,23
24,24
25,25
26,26
27,27
28,28
10,29
31,30
31,31
32,32
12,33
34,34
35,35
18,36
37,37
38,38
39,39
47,40
41,41
42,42
43,43
36,44
45,45
46,46
47,47
48,48
49,49
50,50
51,51
49,52
53,53
51,54
55,55
56,56
57,57
58,58
59,59
2,0
1,1
2,2
3,3
4,4
5,5
6,6
7,7
8,8
9,9
10,10
28,11
12,12
13,13
14,14
15,15
16,16
17,17
37,18
19,19
20,20
21,21
22,22
23,23
24,24
25,25
26,26
43,27
29,28
29,29
30,30
31,31
32,32
33,33
34,34
35,35
36,36
37,37
38,38
39,39
40,40
41,41
42,42
43,43
44,44
45,45
46,46
47,47
48,48
49,49
50,50
51,51
52,52
53,53
54,54
55,55
56,56
57,57
58,58
59,59
2,0
1,1
2,2
3,3
4,4
5,5
6,6
7,7
8,8
9,9
10,10
11,11
12,12
13,13
14,14
15,15
16,16
17,17
18,18
19,19
20,20
21,21
22,22
23,23
24,24
25,25
26,26
27,27
28,28
29,29
30,30
31,31
32,32
33,33
34,34
35,35
36,36
37,37
38,38
39,39
43,40
41,41
42,42
43,43
47,44
45,45
46,46
47,47
48,48
49,49
50,50
51,51
52,52
53,53
54,54
55,55
56,56
57,57
58,58
59,59
2,0
1,1
2,2
3,3
4,4
5,5
6,6
8,8
9,9
10,10
29,11
12,12
13,13
14,14
15,15
16,16
17,17
37,18
19,19
20,20
21,21
22,22
23,23
24,24
25,25
26,26
40,27
29,28
29,29
30,30
31,31
32,32
33,33
34,34
35,35
36,36
37,37
38,38
39,39
40,40
41,41
42,42
43,43
44,44
45,45
46,46
47,47
48,48
49,49
50,50
51,51
52,52
53,53
54,54
55,55
56,56
57,57
58,58
59,59
0,0
1,1
2,2
3,3
4,4
5,5
6,6
7,7
8,8
9,9
10,10
11,11
12,12
13,13
14,14
15,15
16,16
17,17
18,18
19,19
20,20
21,21
22,22
23,23
24,24
25,25
26,26
27,27
28,28
29,29
30,30
31,31
32,32
33,33
34,34
35,35
36,36
37,37
38,38
39,39
40,40
41,41
42,42
43,43
47,44
45,45
46,46
45,47
48,48
49,49
50,50
51,51
52,52
53,53
54,54
55,55
56,56
57,57
58,58
59,59
2,0
1,1
2,2
3,3
4,4
5,5
6,6
7,7
8,8
9,9
28,10
11,11
12,12
13,13
14,14
16,15
16,16
17,17
37,18
19,19
37,20
21,21
22,22
23,23
24,24
25,25
26,26
2,27
28,28
28,29
30,30
31,31
32,32
33,33
34,34
35,35
36,36
37,37
38,38
39,39
40,40
41,41
42,42
43,43
44,44
45,45
46,46
47,47
48,48
49,49
50,50
51,51
52,52
53,53
54,54
55,55
56,56
57,57
58,58
59,59
2,0
1,1
2,2
3,3
4,4
5,5
6,6
8,8
9,9
11,10
11,11
12,12
13,13
14,14
15,15
16,16
17,17
18,18
19,19
20,20
21,21
22,22
23,23
24,24
25,25
26,26
43,27
32,28
29,29
30,30
31,31
32,32
33,33
34,34
35,35
36,36
37,37
38,38
39,39
40,40
41,41
42,42
43,43
44,44
45,45
46,46
44,47
48,48
49,49
50,50
51,51
52,52
53,53
54,54
55,55
56,56
57,57
58,58
59,59
0,0
1,1
2,2
3,3
4,4
5,5
12,6
7,7
8,8
9,9
10,10
28,11
12,12
13,13
14,14
23,15
16,16
17,17
18,18
19,19
20,20
21,21
22,22
23,23
24,24
25,25
26,26
27,27
10,28
29,29
30,30
31,31
32,32
33,33
34,34
35,35
36,36
37,37
38,38
39,39
2,40
41,41
42,42
43,43
44,44
45,45
46,46
47,47
48,48
49,49
50,50
51,51
52,52
53,53
54,54
55,55
56,56
57,57
58,58
59,59
0,0
2,1
2,2
3,3
4,4
5,5
6,6
7,7
8,8
9,9
10,10
10,11
12,12
13,13
14,14
15,15
16,16
17,17
18,18
10,19
20,20
21,21
22,22
23,23
24,24
25,25
26,26
27,27
28,28
29,29
30,30
31,31
32,32
33,33
34,34
35,35
36,36
37,37
38,38
39,39
40,40
41,41
42,42
43,43
44,44
45,45
46,46
40,47
48,48
49,49
49,50
51,51
52,52
53,53
54,54
55,55
56,56
57,57
58,58
59,59
24,0
1,1
2,2
3,3
4,4
5,5
6,6
7,7
8,8
9,9
10,10
28,11
12,12
13,13
14,14
15,15
16,16
17,17
18,18
19,19
20,20
21,21
22,22
23,23
24,24
25,25
26,26
27,27
28,28
29,29
30,30
31,31
32,32
33,33
34,34
35,35
36,36
37,37
38,38
31,39
43,40
41,41
42,42
43,43
44,44
45,45
46,46
47,47
48,48
49,49
50,50
51,51
52,52
53,53
54,54
55,55
56,56
57,57
58,58
59,59
0,0
1,1
2,2
3,3
4,4
5,5
6,6
7,7
8,8
9,9
10,10
29,11
12,12
13,13
14,14
15,15
16,16
1,17
18,18
19,19
20,20
21,21
22,22
23,23
24,24
25,25
26,26
27,27
28,28
29,29
30,30
31,31
32,32
33,33
34,34
35,35
36,36
37,37
38,38
39,39
40,40
41,41
42,42
43,43
44,44
45,45
46,46
47,47
48,48
6,49
50,50
51,51
52,52
49,53
54,54
55,55
56,56
57,57
58,58
58,59
0,0
1,1
2,2
3,3
4,4
5,5
6,6
7,7
8,8
9,9
10,10
29,11
12,12
13,13
14,14
23,15
16,16
17,17
18,18
19,19
20,20
21,21
22,22
23,23
24,24
25,25
26,26
1,27
12,28
29,29
30,30
31,31
32,32
33,33
34,34
35,35
36,36
37,37
38,38
39,39
2,40
41,41
42,42
43,43
44,44
45,45
46,46
47,47
48,48
49,49
50,50
51,51
52,52
53,53
54,54
55,55
56,56
57,57
58,58
59,59
0,0
1,1
46,2
3,3
4,4
5,5
6,6
7,7
8,8
33,9
10,10
11,11
12,12
13,13
14,14
16,15
16,16
17,17
18,18
19,19
20,20
22,21
22,22
6,23
24,24
25,25
26,26
27,27
10,28
29,29
30,30
31,31
32,32
33,33
34,34
35,35
36,36
37,37
38,38
39,39
40,40
41,41
42,42
43,43
4,44
45,45
46,46
47,47
48,48
49,49
50,50
51,51
52,52
53,53
54,54
55,55
56,56
57,57
58,58
59,59
0,0
1,1
2,2
3,3
4,4
5,5
6,6
7,7
8,8
9,9
10,10
11,11
12,12
13,13
14,14
15,15
16,16
17,17
18,18
19,19
20,20
21,21
22,22
23,23
24,24
25,25
26,26
27,27
28,28
29,29
30,30
31,31
32,32
33,33
34,34
35,35
36,36
37,37
38,38
39,39
40,40
41,41
42,42
43,43
44,44
45,45
46,46
47,47
48,48
49,49
50,50
51,51
52,52
53,53
54,54
55,55
56,56
57,57
58,58
59,59
0,0
1,1
2,2
3,3
4,4
5,5
6,6
7,7
8,8
9,9
10,10
28,11
12,12
13,13
14,14
15,15
16,16
17,17
18,18
19,19
20,20
21,21
22,22
23,23
24,24
25,25
26,26
27,27
12,28
29,29
30,30
31,31
32,32
33,33
34,34
35,35
36,36
37,37
38,38
39,39
40,40
41,41
42,42
43,43
44,44
45,45
46,46
47,47
48,48
49,49
50,50
51,51
52,52
53,53
54,54
55,55
56,56
57,57
58,58
59,59
0,0
1,1
2,2
3,3
4,4
5,5
6,6
7,7
8,8
9,9
10,10
29,11
12,12
13,13
14,14
15,15
16,16
17,17
18,18
19,19
20,20
21,21
22,22
23,23
24,24
25,25
26,26
27,27
28,28
29,29
30,30
31,31
32,32
33,33
34,34
35,35
36,36
37,37
38,38
39,39
40,40
41,41
42,42
43,43
44,44
45,45
46,46
47,47
48,48
49,49
50,50
51,51
52,52
53,53
54,54
55,55
56,56
57,57
58,58
59,59
0,0
1,1
2,2
3,3
4,4
5,5
6,6
7,7
8,8
9,9
10,10
29,11
12,12
13,13
14,14
15,15
16,16
17,17
18,18
19,19
20,20
21,21
22,22
23,23
24,24
25,25
26,26
27,27
28,28
29,29
30,30
31,31
32,32
33,33
34,34
35,35
36,36
37,37
38,38
39,39
40,40
41,41
42,42
43,43
44,44
45,45
46,46
47,47
48,48
49,49
50,50
51,51
52,52
53,53
54,54
55,55
56,56
57,57
58,58
59,59
0,0
1,1
2,2
3,3
27,4
5,5
6,6
7,7
8,8
9,9
10,10
11,11
12,12
13,13
14,14
15,15
16,16
17,17
18,18
19,19
20,20
21,21
22,22
23,23
24,24
25,25
26,26
27,27
28,28
29,29
30,30
31,31
32,32
33,33
34,34
35,35
36,36
37,37
38,38
39,39
40,40
41,41
42,42
43,43
44,44
45,45
46,46
47,47
48,48
49,49
50,50
51,51
52,52
53,53
54,54
55,55
56,56
57,57
58,58
59,59
0,0
1,1
2,2
3,3
4,4
5,5
6,6
7,7
8,8
9,9
27,10
29,11
12,12
13,13
14,14
15,15
16,16
1,17
18,18
19,19
20,20
21,21
22,22
23,23
24,24
25,25
26,26
27,27
12,28
29,29
30,30
31,31
32,32
33,33
34,34
35,35
36,36
37,37
38,38
39,39
40,40
41,41
42,42
43,43
44,44
45,45
46,46
47,47
48,48
49,49
50,50
51,51
52,52
53,53
54,54
55,55
56,56
57,57
58,58
59,59
0,0
1,1
2,2
3,3
4,4
5,5
6,6
7,7
8,8
9,9
32,10
11,11
12,12
13,13
14,14
15,15
16,16
17,17
18,18
19,19
20,20
21,21
22,22
23,23
24,24
25,25
26,26
27,27
12,28
29,29
30,30
31,31
32,32
33,33
34,34
35,35
36,36
37,37
38,38
39,39
40,40
41,41
42,42
43,43
44,44
45,45
43,46
47,47
48,48
49,49
50,50
51,51
52,52
53,53
54,54
55,55
56,56
57,57
58,58
59,59
0,0
1,1
2,2
3,3
4,4
5,5
6,6
7,7
8,8
9,9
10,10
29,11
12,12
13,13
14,14
15,15
16,16
17,17
18,18
19,19
20,20
21,21
22,22
23,23
24,24
25,25
26,26
27,27
11,28
29,29
30,30
31,31
32,32
33,33
34,34
35,35
36,36
37,37
38,38
39,39
40,40
41,41
42,42
43,43
44,44
45,45
46,46
47,47
2,48
49,49
50,50
51,51
52,52
53,53
54,54
55,55
56,56
57,57
58,58
59,59
0,0
1,1
2,2
3,3
4,4
5,5
6,6
7,7
8,8
9,9
32,10
29,11
12,12
13,13
14,14
15,15
16,16
17,17
18,18
19,19
40,20
21,21
22,22
23,23
24,24
25,25
26,26
27,27
10,28
29,29
30,30
31,31
32,32
33,33
34,34
28,35
40,36
37,37
38,38
39,39
40,40
41,41
42,42
43,43
44,44
45,45
46,46
47,47
48,48
49,49
50,50
51,51
52,52
53,53
54,54
55,55
56,56
57,57
58,58
59,59
0,0
1,1
2,2
3,3
4,4
5,5
6,6
7,7
8,8
9,9
10,10
29,11
12,12
13,13
14,14
15,15
16,16
17,17
18,18
19,19
20,20
21,21
22,22
23,23
24,24
25,25
26,26
27,27
11,28
29,29
30,30
31,31
32,32
33,33
34,34
35,35
36,36
37,37
38,38
39,39
40,40
41,41
42,42
43,43
44,44
45,45
46,46
47,47
48,48
49,49
50,50
51,51
52,52
53,53
54,54
55,55
56,56
57,57
58,58
59,59
0,0
1,1
2,2
3,3
4,4
5,5
6,6
7,7
8,8
9,9
28,10
11,11
12,12
13,13
14,14
15,15
16,16
17,17
18,18
19,19
20,20
21,21
22,22
23,23
24,24
25,25
26,26
27,27
10,28
29,29
30,30
31,31
32,32
33,33
34,34
35,35
40,36
37,37
38,38
39,39
40,40
41,41
42,42
17,43
44,44
45,45
46,46
47,47
48,48
49,49
50,50
51,51
52,52
53,53
54,54
55,55
56,56
57,57
58,58
59,59
46,0
1,1
2,2
3,3
4,4
5,5
39,6
31,7
29,8
32,9
30,10
30,11
30,12
13,13
14,14
16,15
3,16
17,17
18,18
3,19
29,20
21,21
22,22
23,23
24,24
25,25
26,26
27,27
11,28
3,29
3,30
31,31
3,32
58,33
34,34
3,35
28,36
37,37
38,38
39,39
40,40
41,41
42,42
43,43
44,44
45,45
46,46
47,47
48,48
49,49
50,50
51,51
52,52
53,53
54,54
55,55
56,56
57,57
58,58
59,59
0,0
1,1
2,2
3,3
24,4
5,5
6,6
7,7
8,8
9,9
10,10
28,11
12,12
13,13
14,14
15,15
15,16
17,17
18,18
19,19
20,20
21,21
22,22
23,23
24,24
25,25
26,26
27,27
12,28
29,29
30,30
31,31
32,32
33,33
34,34
35,35
36,36
37,37
38,38
39,39
40,40
41,41
42,42
43,43
44,44
45,45
46,46
47,47
48,48
49,49
50,50
51,51
52,52
53,53
54,54
55,55
56,56
57,57
58,58
59,59
0,0
1,1
2,2
3,3
4,4
5,5
6,6
7,7
8,8
9,9
10,10
11,11
12,12
13,13
14,14
15,15
16,16
17,17
18,18
19,19
20,20
39,21
22,22
6,23
24,24
25,25
26,26
27,27
28,28
56,29
30,30
31,31
32,32
33,33
34,34
35,35
36,36
37,37
38,38
39,39
40,40
41,41
42,42
43,43
44,44
45,45
46,46
47,47
48,48
49,49
50,50
51,51
52,52
53,53
54,54
55,55
56,56
57,57
58,58
59,59
0,0
1,1
2,2
45,3
34,4
5,5
6,6
7,7
8,8
9,9
10,10
29,11
2,12
13,13
14,14
15,15
15,16
17,17
18,18
19,19
20,20
21,21
26,22
23,23
24,24
25,25
26,26
27,27
12,28
35,29
30,30
31,31
32,32
33,33
34,34
35,35
36,36
37,37
38,38
39,39
40,40
41,41
42,42
43,43
44,44
45,45
46,46
47,47
48,48
24,49
50,50
51,51
52,52
53,53
54,54
55,55
56,56
57,57
58,58
59,59
0,0
1,1
2,2
3,3
4,4
5,5
6,6
7,7
8,8
9,9
10,10
28,11
12,12
13,13
14,14
15,15
16,16
17,17
18,18
19,19
20,20
39,21
22,22
6,23
24,24
25,25
26,26
27,27
10,28
2,29
30,30
31,31
32,32
33,33
34,34
29,35
36,36
37,37
38,38
39,39
40,40
41,41
42,42
43,43
44,44
45,45
46,46
47,47
48,48
49,49
50,50
51,51
56,52
53,53
54,54
55,55
56,56
57,57
58,58
59,59
0,0
1,1
2,2
3,3
34,4
5,5
6,6
7,7
8,8
9,9
10,10
29,11
12,12
13,13
14,14
15,15
15,16
17,17
18,18
19,19
20,20
21,21
22,22
23,23
24,24
25,25
26,26
27,27
10,28
29,29
30,30
31,31
32,32
33,33
34,34
35,35
36,36
37,37
38,38
39,39
40,40
41,41
42,42
43,43
44,44
45,45
46,46
47,47
48,48
49,49
50,50
51,51
52,52
53,53
54,54
55,55
56,56
57,57
58,58
59,59
1,0
1,1
2,2
21,3
4,4
5,5
6,6
7,7
8,8
9,9
10,10
11,11
10,12
13,13
14,14
15,15
16,16
43,17
18,18
19,19
20,20
3,21
22,22
6,23
24,24
25,25
26,26
27,27
29,28
29,29
30,30
31,31
32,32
33,33
34,34
44,35
36,36
37,37
38,38
39,39
40,40
41,41
42,42
43,43
44,44
45,45
46,46
47,47
48,48
49,49
50,50
51,51
52,52
53,53
54,54
55,55
55,56
57,57
58,58
59,59
0,0
1,1
2,2
3,3
4,4
5,5
6,6
7,7
8,8
9,9
10,10
29,11
12,12
13,13
14,14
15,15
16,16
17,17
18,18
19,19
20,20
21,21
22,22
25,23
24,24
25,25
26,26
27,27
28,28
29,29
30,30
31,31
32,32
33,33
34,34
35,35
36,36
37,37
39,38
39,39
40,40
41,41
42,42
43,43
44,44
45,45
46,46
47,47
48,48
49,49
50,50
49,51
52,52
53,53
54,54
55,55
56,56
57,57
58,58
59,59
0,0
1,1
2,2
3,3
4,4
5,5
6,6
7,7
8,8
9,9
10,10
11,11
12,12
13,13
14,14
15,15
16,16
17,17
18,18
19,19
20,20
21,21
22,22
23,23
24,24
25,25
26,26
27,27
28,28
29,29
30,30
31,31
32,32
33,33
34,34
35,35
36,36
37,37
38,38
39,39
40,40
41,41
42,42
43,43
44,44
45,45
46,46
47,47
48,48
49,49
50,50
51,51
57,52
53,53
54,54
55,55
56,56
57,57
58,58
59,59
0,0
1,1
2,2
3,3
6,6
7,7
8,8
29,9
48,10
11,11
12,12
13,13
14,14
15,15
16,16
17,17
18,18
19,19
20,20
21,21
22,22
25,23
14,24
25,25
26,26
27,27
28,28
29,29
30,30
31,31
32,32
33,33
34,34
35,35
36,36
37,37
13,38
39,39
40,40
41,41
42,42
43,43
44,44
45,45
46,46
47,47
48,48
49,49
50,50
51,51
52,52
53,53
54,54
55,55
56,56
57,57
58,58
59,59
0,0
1,1
2,2
3,3
4,4
5,5
6,6
7,7
8,8
9,9
10,10
11,11
12,12
13,13
14,14
15,15
16,16
17,17
18,18
19,19
20,20
21,21
22,22
23,23
24,24
25,25
26,26
27,27
29,28
29,29
30,30
31,31
32,32
33,33
34,34
35,35
36,36
37,37
38,38
39,39
40,40
41,41
42,42
43,43
44,44
45,45
46,46
47,47
48,48
49,49
50,50
51,51
52,52
53,53
54,54
55,55
56,56
57,57
58,58
59,59
0,0
1,1
2,2
21,3
4,4
5,5
6,6
7,7
8,8
9,9
10,10
29,11
12,12
13,13
14,14
15,15
16,16
17,17
18,18
19,19
20,20
21,21
22,22
25,23
24,24
25,25
26,26
27,27
28,28
29,29
30,30
31,31
32,32
33,33
34,34
35,35
36,36
37,37
38,38
39,39
40,40
41,41
42,42
43,43
44,44
45,45
46,46
47,47
48,48
49,49
50,50
51,51
52,52
53,53
54,54
55,55
56,56
57,57
58,58
58,59
0,0
1,1
2,2
3,3
4,4
5,5
6,6
54,7
10,10
15,11
12,12
21,13
14,14
15,15
16,16
17,17
18,18
19,19
20,20
21,21
22,22
23,23
25,25
26,26
27,27
33,28
29,29
30,30
31,31
32,32
33,33
34,34
35,35
36,36
37,37
38,38
31,39
40,40
41,41
42,42
43,43
44,44
45,45
46,46
47,47
48,48
49,49
50,50
51,51
52,52
53,53
54,54
55,55
56,56
57,57
58,58
59,59
0,0
1,1
2,2
3,3
4,4
5,5
6,6
7,7
8,8
9,9
10,10
11,11
12,12
13,13
14,14
15,15
16,16
17,17
18,18
19,19
20,20
21,21
22,22
23,23
24,24
25,25
26,26
27,27
28,28
29,29
30,30
31,31
32,32
33,33
34,34
35,35
36,36
37,37
38,38
39,39
40,40
41,41
42,42
43,43
44,44
45,45
46,46
47,47
48,48
49,49
50,50
51,51
52,52
53,53
54,54
55,55
56,56
57,57
58,58
59,59
0,0
1,1
2,2
3,3
4,4
5,5
6,6
7,7
8,8
9,9
10,10
29,11
12,12
13,13
20,14
15,15
15,16
17,17
18,18
19,19
20,20
21,21
22,22
23,23
24,24
25,25
26,26
27,27
10,28
29,29
31,30
31,31
32,32
33,33
34,34
35,35
36,36
37,37
38,38
39,39
36,40
41,41
42,42
43,43
44,44
45,45
46,46
47,47
48,48
49,49
50,50
51,51
52,52
53,53
54,54
55,55
56,56
57,57
58,58
59,59
0,0
1,1
2,2
3,3
4,4
5,5
6,6
7,7
8,8
9,9
10,10
11,11
12,12
6,13
14,14
16,15
16,16
17,17
18,18
19,19
20,20
21,21
22,22
23,23
24,24
25,25
26,26
27,27
10,28
29,29
31,30
31,31
32,32
33,33
34,34
35,35
36,36
37,37
38,38
39,39
40,40
41,41
42,42
3,43
44,44
45,45
46,46
47,47
48,48
49,49
50,50
51,51
52,52
53,53
54,54
55,55
56,56
57,57
58,58
59,59
0,0
1,1
2,2
3,3
4,4
5,5
6,6
7,7
8,8
9,9
10,10
29,11
12,12
13,13
14,14
15,15
10,16
17,17
18,18
19,19
20,20
21,21
22,22
23,23
24,24
25,25
26,26
27,27
10,28
29,29
31,30
31,31
32,32
33,33
34,34
35,35
36,36
37,37
38,38
39,39
40,40
41,41
42,42
43,43
44,44
45,45
46,46
47,47
48,48
49,49
50,50
51,51
52,52
53,53
54,54
55,55
56,56
57,57
58,58
59,59
0,0
43,2
4,4
5,5
6,6
7,7
8,8
57,9
10,10
11,11
12,12
13,13
14,14
15,15
16,16
17,17
18,18
19,19
20,20
21,21
22,22
23,23
24,24
25,25
26,26
27,27
28,28
29,29
30,30
31,31
32,32
33,33
34,34
35,35
36,36
37,37
38,38
39,39
40,40
41,41
42,42
43,43
44,44
45,45
46,46
47,47
48,48
49,49
50,50
51,51
52,52
53,53
54,54
55,55
56,56
57,57
58,58
59,59
0,0
1,1
2,2
3,3
44,4
5,5
6,6
7,7
8,8
9,9
10,10
29,11
12,12
13,13
14,14
15,15
16,16
17,17
18,18
19,19
20,20
21,21
22,22
23,23
24,24
25,25
26,26
27,27
31,28
32,29
30,30
31,31
32,32
33,33
34,34
35,35
36,36
37,37
38,38
39,39
40,40
41,41
42,42
38,43
44,44
45,45
46,46
47,47
48,48
51,49
50,50
51,51
52,52
53,53
54,54
55,55
56,56
57,57
58,58
59,59
0,0
1,1
2,2
3,3
4,4
5,5
6,6
7,7
8,8
9,9
10,10
28,11
12,12
13,13
14,14
15,15
15,16
18,17
18,18
21,19
20,20
21,21
22,22
23,23
17,24
25,25
26,26
29,27
11,28
17,29
30,30
31,31
32,32
33,33
34,34
35,35
36,36
37,37
38,38
39,39
40,40
41,41
42,42
43,43
44,44
45,45
46,46
47,47
48,48
49,49
50,50
51,51
52,52
53,53
54,54
55,55
56,56
53,57
58,58
59,59
0,0
1,1
2,2
3,3
4,4
5,5
6,6
7,7
8,8
9,9
10,10
29,11
12,12
13,13
14,14
15,15
16,16
17,17
29,18
19,19
20,20
21,21
22,22
23,23
15,24
25,25
26,26
0,27
12,28
29,29
30,30
11,31
32,32
33,33
34,34
35,35
36,36
37,37
38,38
39,39
2,40
41,41
42,42
17,43
44,44
45,45
46,46
47,47
48,48
49,49
50,50
51,51
52,52
53,53
54,54
55,55
56,56
57,57
58,58
59,59
0,0
1,1
2,2
19,3
14,4
5,5
6,6
7,7
8,8
9,9
28,10
11,11
12,12
13,13
14,14
15,15
15,16
17,17
18,18
19,19
20,20
21,21
22,22
23,23
24,24
25,25
26,26
0,27
28,28
29,29
30,30
31,31
32,32
33,33
34,34
35,35
17,36
37,37
38,38
39,39
40,40
41,41
42,42
43,43
44,44
45,45
46,46
47,47
48,48
49,49
49,50
51,51
52,52
53,53
54,54
55,55
56,56
57,57
58,58
59,59
0,0
1,1
2,2
3,3
4,4
5,5
6,6
7,7
8,8
21,9
11,10
11,11
12,12
13,13
14,14
15,15
16,16
17,17
18,18
19,19
20,20
21,21
22,22
23,23
16,24
25,25
26,26
20,27
12,28
29,29
33,30
21,31
22,32
9,33
34,34
35,35
36,36
37,37
38,38
39,39
2,40
41,41
42,42
43,43
44,44
45,45
46,46
47,47
48,48
49,49
50,50
51,51
52,52
53,53
54,54
55,55
56,56
57,57
58,58
59,59
11,0
15,1
35,2
36,3
4,4
5,5
6,6
7,7
9,9
10,10
11,11
13,12
13,13
14,14
23,23
26,26
48,29
12,30
42,31
11,32
9,33
34,34
31,35
31,36
37,37
46,38
39,39
26,40
41,41
42,42
43,43
44,44
45,45
46,46
47,47
48,48
49,49
50,50
51,51
51,52
53,53
54,54
55,55
56,56
57,57
58,58
59,59
22,0
1,1
3,3
4,4
5,5
23,6
7,7
8,8
22,9
29,10
29,11
12,12
13,13
14,14
15,15
15,16
17,17
17,18
19,19
20,20
21,21
22,22
23,23
45,24
25,25
26,26
10,27
10,28
29,29
30,30
32,31
46,32
33,33
34,34
35,35
36,36
37,37
38,38
39,39
3,40
41,41
42,42
45,43
47,44
45,45
46,46
47,47
48,48
49,49
23,50
54,51
30,52
10,53
54,54
55,55
45,56
32,57
58,58
59,59
0,0
1,1
2,2
3,3
4,4
5,5
6,6
7,7
8,8
9,9
10,10
10,11
12,12
13,13
14,14
15,15
16,16
17,17
18,18
19,19
20,20
21,21
22,22
23,23
24,24
35,25
26,26
27,27
14,28
29,29
31,30
31,31
32,32
33,33
34,34
35,35
36,36
37,37
38,38
39,39
40,40
41,41
42,42
43,43
44,44
45,45
46,46
47,47
48,48
56,49
50,50
51,51
52,52
53,53
54,54
55,55
56,56
57,57
58,58
59,59
0,0
1,1
40,2
3,3
4,4
5,5
6,6
7,7
8,8
33,9
10,10
29,11
12,12
13,13
14,14
15,15
16,16
17,17
18,18
19,19
20,20
21,21
22,22
23,23
45,24
25,25
26,26
27,27
10,28
29,29
22,30
31,31
32,32
33,33
34,34
35,35
36,36
37,37
38,38
39,39
40,40
41,41
42,42
43,43
44,44
45,45
46,46
47,47
48,48
51,49
50,50
51,51
52,52
53,53
54,54
55,55
56,56
57,57
58,58
59,59
1,1
3,3
4,4
5,5
6,6
7,7
8,8
9,9
32,10
29,11
12,12
14,14
15,15
16,16
17,17
18,18
19,19
20,20
21,21
22,22
23,23
24,24
48,25
26,26
27,27
10,28
29,29
30,30
31,31
32,32
33,33
34,34
35,35
36,36
37,37
38,38
39,39
40,40
41,41
42,42
43,43
15,44
45,45
3,46
47,47
48,48
4,49
50,50
51,51
52,52
53,53
54,54
55,55
56,56
57,57
58,58
59,59
0,0
2,1
40,2
3,3
4,4
5,5
6,6
7,7
8,8
28,9
10,10
11,11
12,12
13,13
14,14
15,15
16,16
17,17
18,18
19,19
20,20
21,21
22,22
23,23
45,24
25,25
26,26
27,27
10,28
29,29
22,30
31,31
32,32
33,33
34,34
35,35
36,36
37,37
38,38
39,39
40,40
41,41
42,42
43,43
44,44
45,45
46,46
47,47
48,48
51,49
50,50
51,51
52,52
53,53
54,54
55,55
56,56
57,57
58,58
59,59
0,0
2,1
2,2
3,3
4,4
5,5
6,6
7,7
8,8
9,9
33,10
29,11
12,12
13,13
14,14
15,15
16,16
17,17
18,18
19,19
20,20
21,21
22,22
23,23
24,24
48,25
26,26
27,27
14,28
29,29
30,30
31,31
32,32
33,33
34,34
35,35
36,36
37,37
38,38
39,39
40,40
41,41
42,42
43,43
44,44
45,45
46,46
47,47
48,48
56,49
50,50
51,51
52,52
53,53
54,54
55,55
56,56
57,57
58,58
59,59
0,0
3,1
2,2
3,3
4,4
5,5
6,6
7,7
8,8
48,9
28,10
29,11
33,12
13,13
14,14
15,15
16,16
17,17
18,18
19,19
20,20
21,21
22,22
41,23
16,24
25,25
26,26
27,27
10,28
29,29
22,30
31,31
32,32
33,33
34,34
35,35
36,36
37,37
38,38
39,39
40,40
41,41
42,42
43,43
44,44
45,45
46,46
47,47
48,48
50,49
50,50
51,51
52,52
53,53
54,54
55,55
56,56
57,57
58,58
59,59
0,0
1,1
2,2
3,3
4,4
5,5
6,6
7,7
8,8
9,9
10,10
11,11
12,12
13,13
14,14
16,15
16,16
17,17
18,18
19,19
20,20
21,21
22,22
23,23
24,24
25,25
26,26
27,27
28,28
29,29
31,30
31,31
32,32
33,33
34,34
35,35
36,36
37,37
38,38
39,39
40,40
41,41
42,42
43,43
44,44
45,45
46,46
47,47
48,48
49,49
50,50
51,51
52,52
53,53
54,54
55,55
56,56
57,57
58,58
59,59
0,0
1,1
2,2
3,3
19,4
5,5
6,6
7,7
8,8
9,9
10,10
31,11
12,12
13,13
14,14
15,15
16,16
17,17
18,18
20,20
21,21
22,22
23,23
29,24
25,25
26,26
27,27
10,28
29,29
31,30
31,31
32,32
12,33
34,34
35,35
36,36
37,37
38,38
39,39
40,40
41,41
42,42
43,43
44,44
45,45
46,46
47,47
48,48
49,49
50,50
51,51
52,52
53,53
54,54
55,55
56,56
57,57
58,58
59,59
0,0
1,1
36,2
3,3
4,4
5,5
6,6
7,7
8,8
9,9
10,10
11,11
12,12
13,13
14,14
16,15
16,16
17,17
18,18
19,19
20,20
9,21
22,22
23,23
24,24
25,25
26,26
27,27
28,28
29,29
31,30
31,31
18,32
9,33
34,34
35,35
36,36
37,37
38,38
39,39
40,40
41,41
42,42
43,43
44,44
45,45
46,46
47,47
48,48
49,49
50,50
51,51
52,52
53,53
54,54
55,55
49,56
57,57
58,58
59,59
0,0
1,1
2,2
3,3
19,4
5,5
6,6
7,7
8,8
9,9
32,10
31,11
12,12
4,13
14,14
15,15
16,16
17,17
18,18
19,19
20,20
21,21
22,22
23,23
45,24
25,25
26,26
27,27
9,28
29,29
30,30
22,31
32,32
33,33
34,34
35,35
36,36
37,37
38,38
39,39
40,40
41,41
42,42
43,43
44,44
45,45
46,46
47,47
48,48
49,49
50,50
51,51
52,52
53,53
54,54
55,55
56,56
57,57
58,58
59,59
0,0
1,1
2,2
3,3
4,4
5,5
6,6
7,7
8,8
9,9
10,10
29,11
12,12
13,13
14,14
16,15
16,16
17,17
18,18
19,19
20,20
21,21
22,22
23,23
24,24
25,25
26,26
27,27
28,28
29,29
30,30
31,31
32,32
33,33
34,34
35,35
36,36
37,37
38,38
39,39
40,40
41,41
42,42
43,43
44,44
45,45
46,46
47,47
48,48
49,49
50,50
51,51
52,52
53,53
54,54
55,55
55,56
57,57
58,58
59,59
0,0
1,1
43,2
3,3
19,4
5,5
6,6
7,7
8,8
9,9
28,10
31,11
12,12
13,13
14,14
15,15
1,16
17,17
18,18
19,19
20,20
22,21
6,22
23,23
48,24
25,25
26,26
27,27
15,28
29,29
10,30
31,31
32,32
33,33
34,34
35,35
36,36
37,37
38,38
39,39
40,40
41,41
43,43
44,44
14,45
36,46
47,47
48,48
49,49
50,50
51,51
19,52
53,53
54,54
55,55
56,56
57,57
58,58
59,59
0,0
1,1
2,2
3,3
23,4
5,5
6,6
7,7
8,8
9,9
29,10
29,11
12,12
13,13
14,14
15,15
15,16
17,17
18,18
19,19
20,20
21,21
22,22
23,23
45,24
25,25
26,26
27,27
11,28
29,29
30,30
31,31
32,32
33,33
34,34
35,35
36,36
37,37
38,38
39,39
40,40
41,41
42,42
43,43
44,44
44,45
46,46
47,47
48,48
49,49
50,50
51,51
52,52
53,53
54,54
55,55
56,56
57,57
58,58
59,59
0,0
1,1
43,2
3,3
4,4
5,5
6,6
7,7
8,8
9,9
11,10
11,11
12,12
13,13
14,14
15,15
16,16
17,17
18,18
19,19
20,20
21,21
22,22
23,23
24,24
25,25
26,26
43,27
28,28
29,29
30,30
31,31
32,32
33,33
34,34
35,35
17,36
37,37
38,38
39,39
40,40
41,41
42,42
43,43
44,44
45,45
46,46
47,47
48,48
49,49
50,50
51,51
52,52
53,53
54,54
55,55
56,56
57,57
58,58
59,59
0,0
1,1
2,2
3,3
4,4
5,5
6,6
7,7
8,8
9,9
10,10
11,11
12,12
13,13
14,14
15,15
16,16
17,17
18,18
19,19
20,20
21,21
22,22
23,23
24,24
25,25
26,26
27,27
28,28
29,29
31,30
31,31
32,32
33,33
34,34
35,35
36,36
37,37
38,38
39,39
40,40
41,41
42,42
17,43
44,44
44,45
46,46
47,47
48,48
49,49
50,50
51,51
52,52
53,53
54,54
55,55
56,56
57,57
58,58
59,59
0,0
1,1
43,2
3,3
4,4
5,5
6,6
7,7
8,8
9,9
11,10
11,11
12,12
13,13
14,14
15,15
16,16
17,17
18,18
19,19
20,20
21,21
22,22
23,23
24,24
25,25
26,26
27,27
10,28
29,29
30,30
31,31
32,32
33,33
34,34
35,35
17,36
37,37
38,38
39,39
40,40
41,41
42,42
43,43
44,44
45,45
46,46
47,47
48,48
49,49
50,50
51,51
52,52
53,53
54,54
55,55
56,56
57,57
58,58
59,59
0,0
29,1
2,2
3,3
4,4
5,5
6,6
7,7
8,8
9,9
29,10
11,11
12,12
13,13
14,14
15,15
16,16
17,17
18,18
19,19
20,20
21,21
22,22
23,23
24,24
25,25
26,26
27,27
11,28
29,29
30,30
31,31
32,32
33,33
34,34
35,35
36,36
37,37
38,38
39,39
40,40
41,41
42,42
43,43
44,44
44,45
46,46
47,47
48,48
49,49
50,50
51,51
52,52
53,53
54,54
55,55
56,56
57,57
58,58
59,59
0,0
1,1
43,2
3,3
4,4
5,5
49,6
7,7
8,8
9,9
28,10
11,11
12,12
13,13
14,14
15,15
16,16
17,17
18,18
19,19
20,20
21,21
22,22
23,23
44,24
25,25
26,26
27,27
10,28
29,29
30,30
31,31
32,32
33,33
34,34
35,35
36,36
37,37
38,38
39,39
40,40
41,41
42,42
43,43
44,44
45,45
46,46
47,47
48,48
49,49
50,50
51,51
52,52
53,53
54,54
56,55
56,56
57,57
58,58
59,59
0,0
1,1
2,2
3,3
4,4
5,5
49,6
7,7
8,8
9,9
10,10
29,11
12,12
13,13
14,14
15,15
16,16
17,17
18,18
19,19
20,20
21,21
22,22
23,23
17,24
25,25
26,26
27,27
10,28
29,29
30,30
31,31
32,32
33,33
34,34
35,35
36,36
37,37
38,38
39,39
40,40
41,41
42,42
43,43
44,44
45,45
46,46
47,47
48,48
49,49
50,50
51,51
52,52
53,53
54,54
55,55
56,56
57,57
58,58
59,59
0,0
1,1
2,2
3,3
4,4
5,5
6,6
7,7
8,8
29,9
10,10
29,11
12,12
13,13
14,14
15,15
16,16
17,17
18,18
19,19
20,20
21,21
22,22
23,23
17,24
25,25
26,26
1,27
11,28
29,29
30,30
31,31
32,32
33,33
34,34
35,35
36,36
37,37
38,38
39,39
20,40
41,41
42,42
47,43
44,44
45,45
46,46
15,47
48,48
49,49
50,50
51,51
52,52
53,53
54,54
55,55
56,56
57,57
58,58
59,59
0,0
1,1
2,2
3,3
4,4
5,5
49,6
7,7
8,8
9,9
1,10
29,11
12,12
13,13
14,14
16,15
16,16
17,17
18,18
19,19
20,20
21,21
22,22
41,23
17,24
25,25
26,26
27,27
29,28
29,29
30,30
31,31
32,32
33,33
5,34
35,35
36,36
37,37
38,38
39,39
40,40
41,41
42,42
43,43
44,44
45,45
46,46
47,47
48,48
49,49
50,50
51,51
52,52
53,53
54,54
55,55
56,56
57,57
58,58
59,59
0,0
1,1
2,2
3,3
4,4
5,5
6,6
7,7
8,8
9,9
10,10
10,11
12,12
13,13
14,14
15,15
16,16
17,17
18,18
19,19
20,20
21,21
22,22
23,23
24,24
25,25
26,26
1,27
10,28
29,29
30,30
31,31
32,32
33,33
34,34
35,35
36,36
37,37
38,38
39,39
0,40
41,41
42,42
43,43
44,44
45,45
0,46
47,47
48,48
49,49
50,50
51,51
52,52
53,53
54,54
55,55
56,56
57,57
58,58
59,59
1,0
10,1
2,2
3,3
23,4
5,5
49,6
7,7
8,8
9,9
29,10
29,11
12,12
13,13
14,14
15,15
16,16
17,17
18,18
19,19
20,20
21,21
22,22
23,23
17,24
25,25
26,26
27,27
29,28
29,29
30,30
31,31
32,32
33,33
34,34
35,35
36,36
37,37
38,38
39,39
40,40
41,41
42,42
43,43
44,44
45,45
46,46
47,47
48,48
49,49
50,50
51,51
52,52
53,53
54,54
55,55
56,56
57,57
58,58
59,59
0,0
1,1
2,2
3,3
4,4
5,5
6,6
7,7
8,8
9,9
10,10
11,11
12,12
13,13
14,14
15,15
16,16
17,17
18,18
19,19
20,20
21,21
22,22
23,23
17,24
25,25
26,26
10,27
10,28
29,29
30,30
45,31
32,32
33,33
34,34
35,35
43,36
37,37
38,38
39,39
20,40
41,41
42,42
47,43
15,44
14,45
46,46
47,47
48,48
49,49
50,50
51,51
52,52
53,53
54,54
55,55
56,56
52,57
58,58
59,59
0,0
1,1
2,2
3,3
4,4
5,5
6,6
7,7
26,8
9,9
10,10
11,11
12,12
13,13
14,14
15,15
16,16
17,17
18,18
19,19
20,20
21,21
22,22
23,23
24,24
25,25
26,26
27,27
12,28
11,29
30,30
31,31
10,32
33,33
34,34
35,35
36,36
37,37
38,38
39,39
40,40
41,41
42,42
43,43
44,44
45,45
46,46
47,47
48,48
49,49
50,50
51,51
52,52
53,53
54,54
55,55
56,56
57,57
58,58
59,59
0,0
1,1
2,2
3,3
4,4
5,5
6,6
7,7
8,8
9,9
10,10
29,11
13,12
13,13
14,14
15,15
16,16
17,17
18,18
19,19
20,20
21,21
22,22
23,23
24,24
25,25
26,26
2,27
28,28
29,29
30,30
31,31
32,32
33,33
34,34
35,35
36,36
37,37
38,38
39,39
40,40
41,41
42,42
40,43
44,44
45,45
46,46
47,47
48,48
56,49
50,50
49,51
52,52
53,53
54,54
55,55
56,56
57,57
58,58
59,59
0,0
1,1
2,2
48,3
10,4
5,5
6,6
7,7
8,8
9,9
10,10
11,11
12,12
13,13
14,14
15,15
15,16
17,17
18,18
19,19
20,20
21,21
22,22
23,23
14,24
25,25
26,26
27,27
28,28
29,29
30,30
31,31
1,32
33,33
34,34
35,35
36,36
37,37
38,38
39,39
40,40
41,41
42,42
43,43
44,44
45,45
46,46
47,47
48,48
49,49
50,50
51,51
52,52
53,53
54,54
55,55
52,56
57,57
58,58
59,59
0,0
1,1
2,2
3,3
4,4
5,5
6,6
7,7
8,8
9,9
10,10
10,11
13,12
13,13
14,14
15,15
15,16
17,17
18,18
19,19
20,20
21,21
22,22
23,23
24,24
25,25
26,26
27,27
11,28
29,29
30,30
31,31
32,32
33,33
34,34
35,35
36,36
37,37
38,38
39,39
40,40
41,41
42,42
43,43
44,44
45,45
46,46
47,47
48,48
49,49
50,50
51,51
52,52
53,53
54,54
55,55
56,56
57,57
58,58
59,59
0,0
1,1
2,2
48,3
16,4
5,5
49,6
7,7
8,8
9,9
10,10
11,11
12,12
13,13
14,14
15,15
16,16
17,17
18,18
19,19
20,20
21,21
22,22
23,23
24,24
25,25
26,26
27,27
1,28
29,29
30,30
31,31
32,32
33,33
34,34
35,35
36,36
37,37
38,38
39,39
40,40
41,41
42,42
43,43
44,44
45,45
46,46
47,47
48,48
49,49
50,50
51,51
52,52
53,53
54,54
55,55
56,56
57,57
58,58
59,59
0,0
1,1
2,2
3,3
4,4
41,5
6,6
7,7
8,8
9,9
10,10
11,11
12,12
13,13
14,14
15,15
15,16
17,17
18,18
19,19
20,20
21,21
22,22
23,23
17,24
25,25
26,26
27,27
11,28
29,29
30,30
31,31
32,32
33,33
34,34
35,35
36,36
37,37
39,38
39,39
40,40
41,41
42,42
40,43
44,44
45,45
46,46
47,47
48,48
50,49
50,50
51,51
52,52
53,53
54,54
55,55
56,56
57,57
58,58
59,59
0,0
1,1
2,2
3,3
4,4
5,5
39,6
7,7
8,8
9,9
10,10
11,11
12,12
13,13
14,14
15,15
23,16
17,17
18,18
19,19
20,20
48,21
22,22
41,23
24,24
25,25
26,26
27,27
28,28
29,29
30,30
31,31
32,32
33,33
34,34
35,35
36,36
37,37
38,38
39,39
40,40
41,41
42,42
43,43
44,44
45,45
46,46
47,47
48,48
49,49
50,50
51,51
52,52
53,53
54,54
55,55
56,56
57,57
58,58
59,59
0,0
1,1
2,2
3,3
4,4
5,5
6,6
7,7
8,8
9,9
12,10
11,11
12,12
13,13
14,14
15,15
15,16
17,17
18,18
19,19
20,20
48,21
22,22
23,23
24,24
25,25
26,26
27,27
28,28
29,29
30,30
31,31
32,32
33,33
34,34
35,35
36,36
37,37
38,38
39,39
40,40
41,41
42,42
43,43
44,44
45,45
46,46
47,47
48,48
49,49
50,50
51,51
52,52
53,53
54,54
55,55
56,56
57,57
58,58
59,59
0,0
1,1
2,2
3,3
4,4
5,5
6,6
7,7
8,8
33,9
10,10
11,11
12,12
13,13
14,14
15,15
16,16
17,17
18,18
19,19
20,20
48,21
22,22
41,23
24,24
25,25
26,26
27,27
28,28
11,29
54,30
31,31
32,32
33,33
34,34
35,35
36,36
37,37
38,38
39,39
40,40
41,41
42,42
40,43
44,44
45,45
46,46
47,47
48,48
49,49
50,50
51,51
52,52
53,53
54,54
55,55
56,56
57,57
58,58
59,59
0,0
1,1
2,2
3,3
4,4
5,5
6,6
7,7
8,8
9,9
10,10
29,11
12,12
13,13
14,14
15,15
16,16
17,17
18,18
19,19
20,20
48,21
22,22
23,23
24,24
25,25
26,26
27,27
28,28
11,29
30,30
31,31
32,32
33,33
34,34
35,35
36,36
37,37
38,38
39,39
40,40
41,41
42,42
43,43
44,44
45,45
46,46
40,47
48,48
49,49
50,50
51,51
52,52
52,53
54,54
55,55
56,56
57,57
58,58
59,59
0,0
1,1
2,2
3,3
4,4
5,5
6,6
7,7
8,8
9,9
29,10
11,11
12,12
13,13
14,14
15,15
23,16
17,17
18,18
19,19
20,20
21,21
22,22
23,23
24,24
25,25
26,26
27,27
28,28
29,29
30,30
31,31
32,32
33,33
34,34
35,35
36,36
37,37
38,38
39,39
40,40
41,41
42,42
43,43
44,44
45,45
46,46
40,47
48,48
49,49
50,50
51,51
52,52
53,53
54,54
55,55
56,56
57,57
58,58
59,59
0,0
41,1
2,2
3,3
4,4
5,5
6,6
7,7
8,8
9,9
10,10
29,11
12,12
13,13
14,14
16,15
16,16
17,17
18,18
19,19
20,20
48,21
22,22
41,23
24,24
25,25
26,26
27,27
28,28
29,29
30,30
31,31
32,32
33,33
34,34
35,35
36,36
37,37
38,38
39,39
40,40
41,41
42,42
43,43
44,44
45,45
46,46
15,47
48,48
49,49
50,50
51,51
52,52
53,53
54,54
55,55
56,56
57,57
59,59
0,0
1,1
2,2
3,3
4,4
5,5
6,6
7,7
8,8
9,9
12,10
29,11
12,12
13,13
14,14
16,15
16,16
17,17
18,18
19,19
20,20
21,21
22,22
23,23
24,24
25,25
26,26
27,27
10,28
29,29
30,30
31,31
32,32
33,33
34,34
35,35
36,36
37,37
38,38
39,39
40,40
41,41
42,42
1,43
44,44
16,45
0,46
47,47
48,48
49,49
50,50
51,51
52,52
53,53
54,54
55,55
56,56
57,57
58,58
59,59
0,0
1,1
2,2
3,3
4,4
5,5
6,6
7,7
8,8
9,9
10,10
11,11
16,12
13,13
14,14
15,15
15,16
17,17
18,18
19,19
20,20
21,21
22,22
8,23
24,24
25,25
26,26
27,27
28,28
29,29
30,30
31,31
1,32
33,33
34,34
35,35
17,36
17,37
38,38
39,39
40,40
41,41
42,42
17,43
44,44
45,45
46,46
47,47
48,48
49,49
50,50
51,51
52,52
53,53
54,54
55,55
56,56
57,57
58,58
59,59
0,0
1,1
2,2
13,3
4,4
5,5
6,6
42,7
8,8
9,9
10,10
29,11
12,12
13,13
14,14
15,15
16,16
17,17
18,18
19,19
20,20
21,21
22,22
23,23
24,24
25,25
26,26
27,27
10,28
28,29
30,30
31,31
32,32
33,33
34,34
35,35
36,36
37,37
38,38
39,39
40,40
41,41
42,42
27,43
44,44
16,45
0,46
47,47
48,48
49,49
50,50
51,51
52,52
53,53
54,54
55,55
56,56
57,57
58,59
0,0
10,1
2,2
3,3
4,4
5,5
6,6
7,7
8,8
9,9
10,10
29,11
12,12
13,13
14,14
15,15
16,16
17,17
18,18
19,19
20,20
21,21
22,22
23,23
24,24
25,25
26,26
27,27
28,28
1,29
1,30
31,31
32,32
9,33
34,34
35,35
36,36
37,37
38,38
39,39
40,40
41,41
42,42
43,43
44,44
45,45
46,46
47,47
48,48
49,49
50,50
51,51
52,52
53,53
54,54
55,55
56,56
57,57
58,58
59,59
0,0
1,1
2,2
3,3
4,4
5,5
6,6
7,7
8,8
22,9
2,10
29,11
12,12
13,13
14,14
15,15
16,16
17,17
18,18
19,19
20,20
21,21
22,22
23,23
24,24
25,25
26,26
27,27
10,28
29,29
30,30
31,31
32,32
33,33
34,34
35,35
36,36
37,37
38,38
39,39
40,40
41,41
42,42
40,43
44,44
16,45
46,46
15,47
48,48
49,49
50,50
51,51
52,52
53,53
54,54
55,55
56,56
57,57
58,58
59,59
0,0
0,1
2,2
3,3
4,4
5,5
6,6
7,7
8,8
9,9
10,10
10,11
12,12
13,13
14,14
15,15
15,16
43,17
18,18
19,19
20,20
21,21
22,22
23,23
24,24
25,25
26,26
27,27
28,28
10,29
30,30
22,31
9,32
33,33
34,34
35,35
36,36
37,37
17,38
39,39
40,40
41,41
42,42
17,43
16,44
44,45
46,46
47,47
48,48
49,49
50,50
51,51
52,52
53,53
54,54
55,55
56,56
57,57
58,58
59,59
0,0
1,1
2,2
3,3
4,4
5,5
6,6
41,7
8,8
33,9
11,10
11,11
12,12
13,13
14,14
15,15
16,16
17,17
18,18
19,19
20,20
21,21
22,22
23,23
24,24
25,25
26,26
27,27
4,28
11,29
30,30
31,31
32,32
33,33
34,34
35,35
36,36
37,37
38,38
39,39
40,40
41,41
42,42
43,43
44,44
45,45
46,46
47,47
48,48
49,49
50,50
51,51
52,52
57,53
54,54
55,55
56,56
57,57
58,58
59,59
0,0
1,1
2,2
3,3
4,4
5,5
6,6
7,7
8,8
33,9
10,10
11,11
12,12
13,13
14,14
15,15
16,16
17,17
18,18
19,19
20,20
21,21
22,22
23,23
24,24
25,25
26,26
27,27
28,28
11,29
30,30
31,31
32,32
33,33
5,34
35,35
3,36
37,37
38,38
39,39
40,40
41,41
42,42
43,43
44,44
45,45
46,46
47,47
48,48
49,49
50,50
51,51
52,52
53,53
54,54
55,55
56,56
57,57
58,58
59,59
0,0
1,1
2,2
3,3
4,4
5,5
6,6
41,7
8,8
33,9
10,10
11,11
12,12
13,13
14,14
15,15
16,16
17,17
18,18
19,19
20,20
21,21
22,22
23,23
24,24
25,25
26,26
27,27
4,28
29,29
30,30
31,31
37,32
33,33
34,34
35,35
36,36
37,37
38,38
39,39
40,40
41,41
42,42
43,43
44,44
45,45
46,46
47,47
48,48
49,49
50,50
51,51
52,52
53,53
54,54
55,55
56,56
57,57
58,58
59,59
1,0
1,1
2,2
3,3
4,4
5,5
6,6
7,7
8,8
28,9
10,10
29,11
12,12
13,13
14,14
15,15
16,16
17,17
18,18
19,19
20,20
21,21
22,22
23,23
24,24
25,25
26,26
27,27
11,28
11,29
30,30
31,31
32,32
33,33
34,34
35,35
36,36
37,37
9,38
39,39
40,40
41,41
42,42
43,43
44,44
45,45
46,46
47,47
48,48
49,49
50,50
51,51
52,52
53,53
54,54
55,55
56,56
57,57
58,58
59,59
0,0
1,1
2,2
3,3
12,4
5,5
6,6
41,7
8,8
9,9
10,10
11,11
12,12
13,13
14,14
15,15
16,16
17,17
18,18
19,19
20,20
21,21
22,22
23,23
24,24
25,25
26,26
27,27
4,28
11,29
30,30
31,31
32,32
33,33
34,34
35,35
36,36
37,37
38,38
39,39
40,40
41,41
42,42
43,43
44,44
45,45
46,46
47,47
48,48
57,49
50,50
51,51
52,52
57,53
54,54
55,55
56,56
57,57
58,58
59,59
18,0
1,1
43,2
3,3
4,4
5,5
51,6
7,7
8,8
9,9
10,10
11,11
12,12
13,13
14,14
15,15
16,16
17,17
18,18
19,19
20,20
21,21
22,22
23,23
24,24
25,25
26,26
27,27
10,28
29,29
30,30
31,31
32,32
33,33
34,34
35,35
36,36
37,37
38,38
39,39
40,40
41,41
42,42
43,43
44,44
45,45
46,46
47,47
48,48
49,49
50,50
51,51
52,52
53,53
54,54
55,55
56,56
57,57
58,58
59,59
0,0
1,1
2,2
3,3
4,4
5,5
42,6
7,7
8,8
9,9
10,10
29,11
12,12
13,13
14,14
16,15
23,16
17,17
18,18
19,19
20,20
21,21
22,22
23,23
24,24
25,25
26,26
27,27
1,28
11,29
31,30
31,31
32,32
33,33
34,34
35,35
43,36
37,37
38,38
39,39
40,40
41,41
42,42
43,43
44,44
45,45
46,46
47,47
48,48
49,49
50,50
51,51
52,52
53,53
54,54
55,55
56,56
57,57
58,58
59,59
0,0
1,1
2,2
3,3
4,4
5,5
6,6
7,7
8,8
9,9
11,10
29,11
12,12
13,13
14,14
15,15
16,16
17,17
18,18
19,19
20,20
21,21
22,22
23,23
24,24
25,25
26,26
27,27
12,28
29,29
30,30
31,31
32,32
33,33
34,34
45,35
36,36
37,37
38,38
39,39
40,40
41,41
42,42
17,43
44,44
45,45
46,46
47,47
48,48
49,49
50,50
51,51
52,52
53,53
54,54
55,55
56,56
57,57
58,58
59,59
0,0
1,1
2,2
3,3
4,4
5,5
13,6
7,7
8,8
9,9
10,10
11,11
13,13
14,14
16,15
23,16
17,17
18,18
19,19
20,20
21,21
22,22
23,23
24,24
25,25
26,26
27,27
1,28
29,29
31,30
31,31
32,32
33,33
34,34
35,35
36,36
13,37
38,38
39,39
40,40
41,41
42,42
43,43
44,44
45,45
46,46
47,47
48,48
49,49
50,50
51,51
52,52
53,53
54,54
56,55
56,56
57,57
58,58
59,59
0,0
1,1
2,2
3,3
4,4
5,5
6,6
7,7
8,8
9,9
10,10
11,11
12,12
13,13
14,14
15,15
16,16
17,17
18,18
19,19
20,20
21,21
22,22
23,23
24,24
25,25
26,26
27,27
12,28
29,29
30,30
31,31
32,32
33,33
34,34
35,35
36,36
37,37
38,38
39,39
40,40
41,41
42,42
43,43
44,44
45,45
46,46
47,47
48,48
49,49
50,50
51,51
52,52
53,53
54,54
55,55
56,56
57,57
58,58
59,59
0,0
1,1
2,2
3,3
4,4
5,5
6,6
7,7
8,8
9,9
10,10
11,11
12,12
13,13
14,14
15,15
16,16
17,17
18,18
19,19
20,20
21,21
22,22
23,23
24,24
25,25
26,26
27,27
12,28
11,29
30,30
31,31
32,32
33,33
34,34
35,35
36,36
37,37
38,38
39,39
40,40
41,41
42,42
43,43
44,44
45,45
46,46
47,47
48,48
49,49
50,50
51,51
52,52
53,53
54,54
55,55
54,56
57,57
58,58
59,59
0,0
1,1
0,2
3,3
4,4
5,5
6,6
7,7
8,8
9,9
10,10
11,11
13,13
14,14
15,15
16,16
17,17
18,18
19,19
20,20
21,21
22,22
23,23
24,24
25,25
26,26
27,27
1,28
29,29
30,30
30,31
32,32
33,33
34,34
35,35
36,36
31,37
38,38
39,39
38,40
41,41
42,42
37,43
44,44
45,45
46,46
47,47
48,48
49,49
50,50
51,51
52,52
53,53
54,54
55,55
50,56
57,57
58,58
59,59
0,0
1,1
2,2
3,3
4,4
5,5
6,6
7,7
8,8
9,9
29,10
29,11
12,12
13,13
14,14
15,15
16,16
17,17
18,18
19,19
20,20
21,21
22,22
23,23
17,24
23,25
26,26
27,27
28,28
29,29
30,30
31,31
32,32
33,33
34,34
35,35
36,36
37,37
38,38
31,39
40,40
41,41
42,42
43,43
44,44
45,45
0,46
40,47
48,48
49,49
50,50
51,51
52,52
53,53
54,54
55,55
56,56
57,57
58,58
59,59
0,0
1,1
2,2
3,3
4,4
5,5
6,6
7,7
8,8
9,9
28,10
29,11
33,12
13,13
14,14
15,15
16,16
17,17
18,18
19,19
20,20
21,21
22,22
23,23
24,24
25,25
26,26
27,27
29,28
29,29
30,30
31,31
32,32
33,33
34,34
35,35
36,36
37,37
38,38
39,39
40,40
41,41
42,42
43,43
44,44
45,45
46,46
47,47
48,48
49,49
50,50
51,51
52,52
53,53
54,54
55,55
56,56
57,57
58,58
59,59
0,0
9,1
2,2
3,3
4,4
5,5
20,6
7,7
8,8
9,9
29,10
29,11
12,12
13,13
14,14
15,15
16,16
17,17
18,18
19,19
20,20
21,21
22,22
23,23
27,24
41,25
26,26
27,27
29,28
29,29
30,30
31,31
1,32
33,33
34,34
35,35
3,36
37,37
38,38
31,39
40,40
41,41
42,42
43,43
44,44
45,45
46,46
47,47
48,48
49,49
50,50
51,51
52,52
53,53
54,54
55,55
56,56
57,57
58,58
59,59
0,0
1,1
2,2
3,3
4,4
5,5
6,6
7,7
8,8
9,9
10,10
29,11
33,12
13,13
14,14
15,15
16,16
17,17
18,18
19,19
20,20
21,21
22,22
23,23
24,24
25,25
26,26
27,27
28,28
29,29
30,30
31,31
32,32
33,33
34,34
35,35
36,36
37,37
38,38
39,39
40,40
41,41
42,42
43,43
44,44
45,45
46,46
40,47
48,48
31,49
50,50
51,51
52,52
53,53
54,54
55,55
56,56
57,57
58,58
59,59
0,0
1,1
2,2
3,3
1,4
5,5
6,6
7,7
8,8
33,9
11,10
11,11
12,12
13,13
14,14
15,15
16,16
17,17
18,18
19,19
20,20
21,21
22,22
23,23
24,24
41,25
26,26
27,27
28,28
29,29
30,30
31,31
32,32
33,33
34,34
35,35
36,36
37,37
38,38
39,39
40,40
41,41
42,42
43,43
44,44
45,45
46,46
47,47
48,48
49,49
50,50
51,51
52,52
53,53
54,54
55,55
56,56
57,57
58,58
59,59
0,0
1,1
2,2
3,3
4,4
5,5
6,6
7,7
8,8
28,10
29,11
9,12
13,13
14,14
15,15
16,16
17,17
18,18
19,19
20,20
21,21
22,22
23,23
24,24
25,25
26,26
27,27
28,28
29,29
30,30
31,31
32,32
33,33
34,34
35,35
36,36
37,37
38,38
39,39
40,40
41,41
42,42
43,43
44,44
45,45
46,46
47,47
48,48
49,49
50,50
51,51
52,52
53,53
54,54
55,55
52,56
57,57
58,58
59,59
0,0
1,1
2,2
3,3
4,4
5,5
6,6
7,7
8,8
9,9
10,10
11,11
12,12
13,13
14,14
15,15
15,16
17,17
18,18
19,19
20,20
21,21
33,22
23,23
24,24
25,25
26,26
27,27
28,28
29,29
30,30
31,31
32,32
9,33
34,34
35,35
36,36
37,37
38,38
39,39
40,40
41,41
42,42
2,43
44,44
45,45
46,46
47,47
22,48
49,49
50,50
51,51
52,52
53,53
54,54
55,55
56,56
57,57
58,58
59,59
0,0
2,1
2,2
3,3
4,4
5,5
6,6
7,7
8,8
9,9
1,10
29,11
12,12
13,13
14,14
15,15
16,16
17,17
18,18
19,19
20,20
21,21
22,22
23,23
24,24
25,25
26,26
27,27
28,28
29,29
30,30
31,31
32,32
33,33
34,34
35,35
36,36
37,37
38,38
39,39
40,40
41,41
42,42
43,43
44,44
45,45
46,46
47,47
22,48
49,49
50,50
51,51
52,52
53,53
54,54
55,55
56,56
57,57
58,58
59,59
0,0
17,1
9,2
3,3
4,4
5,5
6,6
7,7
8,8
9,9
10,10
10,11
12,12
13,13
14,14
17,17
18,18
19,19
20,20
21,21
22,22
23,23
24,24
25,25
26,26
27,27
28,28
29,29
30,30
31,31
9,32
9,33
34,34
35,35
36,36
37,37
38,38
39,39
18,40
41,41
42,42
2,43
16,44
45,45
19,46
49,49
6,50
51,51
4,52
52,53
54,54
55,55
56,56
57,57
58,58
59,59
0,0
2,1
2,2
3,3
4,4
5,5
6,6
7,7
8,8
9,9
29,10
11,11
12,12
13,13
14,14
15,15
16,16
17,17
18,18
19,19
20,20
21,21
22,22
23,23
24,24
25,25
26,26
27,27
28,28
29,29
30,30
31,31
32,32
33,33
34,34
35,35
36,36
37,37
38,38
39,39
40,40
41,41
42,42
43,43
44,44
45,45
46,46
47,47
22,48
49,49
50,50
49,51
52,52
53,53
54,54
55,55
56,56
57,57
58,58
59,59
0,0
1,1
2,2
3,3
4,4
5,5
6,6
7,7
8,8
9,9
11,10
29,11
12,12
13,13
14,14
15,15
16,16
17,17
18,18
19,19
20,20
21,21
22,22
23,23
24,24
25,25
26,26
27,27
28,28
29,29
30,30
31,31
32,32
33,33
34,34
35,35
36,36
37,37
38,38
39,39
40,40
41,41
42,42
2,43
44,44
45,45
46,46
16,47
22,48
49,49
50,50
51,51
52,52
53,53
54,54
55,55
56,56
57,57
58,58
59,59
0,0
40,1
17,2
3,3
4,4
5,5
6,6
7,7
8,8
9,9
29,10
11,11
12,12
13,13
14,14
15,15
16,16
17,17
18,18
19,19
20,20
21,21
22,22
23,23
24,24
25,25
26,26
27,27
28,28
28,29
30,30
31,31
32,32
33,33
34,34
35,35
36,36
46,37
38,38
39,39
40,40
41,41
42,42
4,43
45,44
2,45
35,46
47,47
35,48
49,49
50,50
51,51
52,52
53,53
54,54
55,55
56,56
56,57
58,58
59,59
12,0
1,1
36,2
3,3
10,4
5,5
6,6
7,7
8,8
28,9
11,10
11,11
12,12
13,13
14,14
15,15
16,16
17,17
18,18
19,19
20,20
21,21
22,22
23,23
24,24
25,25
26,26
3,27
28,28
11,29
16,30
20,31
17,32
17,33
34,34
35,35
36,36
37,37
12,38
39,39
40,40
41,41
42,42
36,43
44,44
45,45
43,46
47,47
48,48
51,49
50,50
51,51
52,52
55,53
54,54
55,55
56,56
57,57
58,58
59,59
27,0
1,1
0,2
36,3
27,4
13,5
6,6
7,7
8,8
9,9
17,10
10,11
11,12
13,13
14,14
16,15
16,16
17,17
18,18
19,19
20,20
21,21
22,22
23,23
24,24
25,25
26,26
27,27
28,28
29,29
30,30
30,31
32,32
33,33
34,34
35,35
36,36
37,37
38,38
39,39
40,40
41,41
42,42
43,43
44,44
45,45
46,46
47,47
48,48
49,49
50,50
51,51
52,52
49,53
54,54
53,55
56,56
57,57
58,58
59,59
0,0
10,1
3,2
3,3
4,4
5,5
14,6
7,7
8,8
28,9
11,10
11,11
12,12
13,13
14,14
15,15
16,16
17,17
18,18
19,19
20,20
21,21
22,22
23,23
24,24
25,25
26,26
27,27
28,28
29,29
12,30
31,31
9,32
9,33
34,34
35,35
36,36
37,37
12,38
9,39
43,40
41,41
42,42
36,43
44,44
44,45
14,46
47,47
48,48
49,49
50,50
51,51
52,52
55,53
54,54
55,55
56,56
57,57
58,58
59,59
36,0
27,1
2,2
48,3
36,4
5,5
6,6
7,7
8,8
10,9
10,10
11,11
12,12
13,13
14,14
16,15
16,16
17,17
18,18
19,19
20,20
21,21
22,22
23,23
24,24
25,25
26,26
27,27
28,28
30,30
31,31
32,32
33,33
34,34
35,35
36,36
37,37
38,38
39,39
40,40
41,41
42,42
43,43
44,44
45,45
46,46
47,47
48,48
49,49
50,50
51,51
52,52
49,53
54,54
55,55
56,56
57,57
58,58
59,59
0,0
33,1
2,2
17,3
10,4
5,5
6,6
7,7
8,8
10,9
11,10
11,11
10,12
13,13
14,14
15,15
16,16
17,17
36,18
19,19
20,20
22,21
22,22
23,23
45,24
25,25
26,26
29,27
11,28
10,29
30,30
31,31
32,32
33,33
34,34
35,35
36,36
37,37
9,38
39,39
40,40
41,41
42,42
43,43
44,44
45,45
46,46
47,47
48,48
49,49
50,50
51,51
52,52
55,53
54,54
55,55
56,56
57,57
58,58
59,59
27,0
1,1
2,2
36,3
12,4
5,5
7,7
8,8
1,9
11,11
10,12
13,13
14,14
16,15
16,16
17,17
18,18
19,19
20,20
21,21
22,22
23,23
24,24
25,25
26,26
27,27
28,28
29,29
30,30
31,31
32,32
33,33
34,34
35,35
36,36
37,37
38,38
39,39
40,40
41,41
42,42
43,43
44,44
45,45
46,46
47,47
48,48
49,49
50,50
51,51
52,52
49,53
54,54
55,55
56,56
57,57
58,58
59,59
0,0
1,1
2,2
3,3
4,4
5,5
6,6
7,7
8,8
11,9
10,10
11,11
12,12
13,13
14,14
15,15
16,16
17,17
18,18
19,19
20,20
21,21
22,22
23,23
24,24
25,25
26,26
27,27
11,28
29,29
30,30
31,31
32,32
33,33
34,34
35,35
36,36
37,37
38,38
39,39
40,40
42,41
42,42
43,43
44,44
45,45
46,46
47,47
48,48
49,49
50,50
51,51
55,52
53,53
54,54
55,55
56,56
57,57
58,58
59,59
0,0
0,1
2,2
3,3
4,4
5,5
6,6
7,7
8,8
27,9
10,10
10,11
12,12
13,13
14,14
15,15
16,16
17,17
18,18
19,19
20,20
21,21
22,22
23,23
24,24
25,25
26,26
27,27
28,28
29,29
30,30
31,31
32,32
33,33
34,34
35,35
36,36
37,37
38,38
39,39
40,40
41,41
42,42
43,43
47,44
24,45
46,46
47,47
48,48
30,49
50,50
51,51
52,52
53,53
54,54
55,55
56,56
57,57
58,58
59,59
0,0
1,1
2,2
3,3
4,4
5,5
6,6
7,7
8,8
11,9
10,10
29,11
12,12
13,13
14,14
16,15
16,16
17,17
18,18
19,19
20,20
21,21
22,22
23,23
24,24
25,25
26,26
27,27
11,28
29,29
30,30
31,31
32,32
9,33
34,34
35,35
36,36
37,37
38,38
39,39
40,40
42,41
42,42
43,43
16,44
45,45
46,46
47,47
48,48
49,49
50,50
51,51
55,52
53,53
54,54
55,55
55,56
57,57
58,58
59,59
0,0
0,1
2,2
3,3
4,4
5,5
6,6
7,7
8,8
9,9
10,10
1,11
12,12
13,13
14,14
15,15
16,16
17,17
18,18
19,19
20,20
21,21
22,22
23,23
24,24
25,25
26,26
27,27
28,28
29,29
30,30
31,31
32,32
33,33
34,34
35,35
36,36
37,37
38,38
39,39
40,40
41,41
42,42
43,43
44,44
45,45
46,46
47,47
48,48
49,49
50,50
51,51
52,52
53,53
54,54
55,55
56,56
57,57
58,58
59,59
0,0
1,1
2,2
3,3
4,4
5,5
6,6
7,7
8,8
9,9
33,10
28,11
12,12
13,13
14,14
15,15
16,16
17,17
18,18
19,19
20,20
21,21
22,22
23,23
24,24
25,25
26,26
27,27
28,28
29,29
30,30
31,31
32,32
33,33
34,34
35,35
36,36
37,37
38,38
39,39
40,40
42,41
42,42
43,43
44,44
45,45
46,46
47,47
48,48
49,49
50,50
51,51
56,52
53,53
54,54
55,55
56,56
57,57
58,58
59,59
0,0
46,1
2,2
36,3
4,4
5,5
6,6
7,7
8,8
38,9
10,10
11,11
12,12
13,13
14,14
14,15
16,16
17,17
18,18
19,19
20,20
21,21
22,22
23,23
24,24
25,25
26,26
27,27
28,28
29,29
30,30
31,31
32,32
33,33
34,34
35,35
36,36
37,37
38,38
39,39
40,40
41,41
42,42
46,43
44,44
40,45
24,46
47,47
17,48
49,49
50,50
51,51
52,52
48,53
54,54
55,55
56,56
57,57
58,58
59,59
0,0
1,1
2,2
3,3
45,4
5,5
6,6
7,7
8,8
9,9
10,10
11,11
12,12
13,13
14,14
15,15
16,16
17,17
18,18
19,19
20,20
21,21
22,22
23,23
24,24
25,25
26,26
27,27
28,28
29,29
30,30
31,31
32,32
33,33
34,34
35,35
36,36
37,37
38,38
39,39
40,40
41,41
42,42
43,43
44,44
45,45
46,46
47,47
48,48
49,49
50,50
51,51
52,52
53,53
54,54
55,55
56,56
57,57
58,58
59,59
0,0
17,1
2,2
3,3
4,4
5,5
6,6
7,7
8,8
9,9
10,10
11,11
12,12
13,13
14,14
5,15
16,16
17,17
18,18
19,19
20,20
21,21
22,22
23,23
24,24
25,25
26,26
1,27
28,28
29,29
31,30
31,31
32,32
38,33
34,34
35,35
36,36
37,37
38,38
38,39
40,40
41,41
16,42
43,43
44,44
45,45
3,46
47,47
48,48
49,49
50,50
51,51
52,52
53,53
54,54
55,55
56,56
57,57
58,58
59,59
0,0
1,1
24,4
5,5
6,6
7,7
8,8
9,9
10,10
12,12
13,13
14,14
15,15
16,16
28,17
3,18
21,21
22,22
23,23
24,24
25,25
26,26
27,27
28,28
29,29
30,30
31,31
30,32
33,33
34,34
36,36
37,37
38,38
39,39
40,40
41,41
42,42
43,43
44,44
45,45
46,46
47,47
48,48
49,49
50,50
51,51
52,52
53,53
54,54
55,55
56,56
57,57
58,58
59,59
43,0
17,1
2,2
3,3
4,4
5,5
6,6
7,7
8,8
38,9
10,10
11,11
12,12
13,13
14,14
15,15
16,16
17,17
18,18
19,19
20,20
21,21
22,22
23,23
24,24
25,25
26,26
27,27
28,28
29,29
31,30
31,31
39,32
33,33
34,34
35,35
36,36
37,37
38,38
39,39
40,40
41,41
16,42
43,43
44,44
45,45
46,46
47,47
48,48
49,49
50,50
51,51
53,52
53,53
54,54
55,55
56,56
57,57
58,58
59,59
0,0
1,1
2,2
3,3
4,4
5,5
6,6
7,7
8,8
9,9
10,10
11,11
12,12
13,13
14,14
15,15
16,16
17,17
18,18
19,19
20,20
21,21
22,22
23,23
24,24
25,25
26,26
1,27
28,28
29,29
30,30
31,31
32,32
33,33
34,34
35,35
36,36
37,37
38,38
38,39
40,40
41,41
42,42
43,43
44,44
45,45
46,46
47,47
48,48
49,49
50,50
51,51
52,52
53,53
54,54
55,55
56,56
57,57
58,58
59,59
43,0
27,1
2,2
48,3
4,4
5,5
37,6
7,7
8,8
9,9
10,10
11,11
12,12
13,13
14,14
16,15
16,16
17,17
18,18
19,19
20,20
21,21
9,22
23,23
24,24
25,25
26,26
27,27
28,28
29,29
30,30
10,31
32,32
33,33
34,34
35,35
36,36
37,37
38,38
39,39
40,40
41,41
16,42
43,43
44,44
45,45
46,46
47,47
48,48
49,49
50,50
51,51
52,52
53,53
54,54
57,55
56,56
57,57
58,58
59,59
0,0
1,1
2,2
3,3
4,4
5,5
6,6
7,7
8,8
38,9
10,10
10,11
12,12
13,13
14,14
5,15
16,16
17,17
18,18
19,19
20,20
21,21
22,22
23,23
24,24
25,25
26,26
27,27
28,28
29,29
30,30
31,31
32,32
33,33
34,34
35,35
36,36
37,37
38,38
38,39
47,40
41,41
42,42
43,43
44,44
45,45
46,46
47,47
48,48
49,49
50,50
51,51
52,52
53,53
54,54
55,55
56,56
57,57
58,58
59,59
0,0
1,1
2,2
3,3
4,4
5,5
6,6
7,7
8,8
38,9
10,10
11,11
12,12
13,13
14,14
15,15
15,16
17,17
18,18
19,19
20,20
21,21
22,22
23,23
24,24
25,25
26,26
27,27
28,28
29,29
30,30
31,31
32,32
33,33
34,34
24,35
36,36
37,37
38,38
38,39
40,40
41,41
42,42
43,43
44,44
45,45
46,46
47,47
48,48
49,49
50,50
51,51
52,52
53,53
54,54
55,55
56,56
57,57
58,58
59,59
0,0
1,1
2,2
3,3
4,4
5,5
6,6
7,7
8,8
38,9
10,10
11,11
12,12
13,13
14,14
16,15
16,16
17,17
18,18
19,19
20,20
21,21
48,22
23,23
24,24
25,25
26,26
27,27
28,28
29,29
30,30
31,31
39,32
33,33
34,34
35,35
36,36
37,37
38,38
38,39
47,40
41,41
42,42
43,43
44,44
45,45
46,46
47,47
48,48
49,49
50,50
51,51
52,52
53,53
54,54
55,55
56,56
57,57
58,58
59,59
0,0
1,1
2,2
3,3
4,4
5,5
6,6
7,7
8,8
9,9
10,10
29,11
12,12
13,13
14,14
15,15
15,16
17,17
18,18
19,19
20,20
21,21
22,22
23,23
24,24
25,25
26,26
27,27
28,28
29,29
30,30
31,31
32,32
33,33
34,34
35,35
36,36
37,37
38,38
39,39
40,40
41,41
42,42
43,43
44,44
45,45
46,46
47,47
48,48
49,49
50,50
51,51
52,52
53,53
54,54
55,55
56,56
57,57
58,58
59,59
0,0
1,1
2,2
3,3
4,4
5,5
6,6
7,7
8,8
9,9
10,10
11,11
12,12
13,13
14,14
5,15
16,16
17,17
18,18
19,19
20,20
21,21
22,22
23,23
24,24
25,25
26,26
27,27
29,28
29,29
30,30
31,31
32,32
33,33
34,34
35,35
36,36
37,37
38,38
38,39
47,40
41,41
42,42
43,43
44,44
45,45
46,46
47,47
48,48
49,49
50,50
51,51
52,52
53,53
54,54
55,55
56,56
57,57
59,59
1,0
1,1
2,2
3,3
4,4
5,5
6,6
7,7
8,8
9,9
10,10
11,11
12,12
13,13
14,14
15,15
15,16
17,17
18,18
19,19
20,20
21,21
48,22
44,23
31,24
25,25
26,26
27,27
28,28
29,29
30,30
31,31
38,32
33,33
34,34
24,35
36,36
37,37
38,38
38,39
40,40
41,41
42,42
43,43
44,44
45,45
24,46
47,47
48,48
49,49
50,50
50,51
52,52
53,53
54,54
55,55
56,56
57,57
58,58
59,59
0,0
2,1
2,2
3,3
12,4
5,5
6,6
7,7
8,8
9,9
10,10
28,11
12,12
13,13
14,14
16,15
16,16
17,17
18,18
19,19
20,20
21,21
22,22
23,23
24,24
25,25
26,26
27,27
29,28
29,29
30,30
31,31
32,32
33,33
34,34
35,35
36,36
37,37
38,38
39,39
40,40
41,41
42,42
43,43
44,44
45,45
46,46
47,47
48,48
49,49
50,50
51,51
52,52
53,53
54,54
55,55
56,56
57,57
58,58
59,59
0,0
1,1
15,2
3,3
4,4
5,5
6,6
7,7
8,8
9,9
11,10
11,11
12,12
13,13
14,14
15,15
16,16
3,17
18,18
19,19
20,20
21,21
22,22
23,23
24,24
25,25
26,26
27,27
28,28
29,29
30,30
31,31
32,32
33,33
34,34
35,35
36,36
37,37
38,38
39,39
40,40
41,41
42,42
43,43
44,44
45,45
46,46
47,47
48,48
49,49
50,50
51,51
52,52
53,53
54,54
55,55
52,56
57,57
58,58
59,59
2,0
1,1
2,2
3,3
28,4
5,5
6,6
7,7
8,8
9,9
10,10
11,11
12,12
13,13
14,14
16,15
16,16
17,17
18,18
19,19
20,20
21,21
22,22
23,23
24,24
25,25
26,26
27,27
11,28
29,29
30,30
31,31
32,32
33,33
5,34
35,35
36,36
37,37
38,38
39,39
40,40
41,41
42,42
43,43
44,44
44,45
46,46
47,47
48,48
49,49
50,50
51,51
52,52
53,53
54,54
55,55
56,56
55,57
58,58
59,59
0,0
1,1
43,2
3,3
4,4
5,5
6,6
7,7
8,8
9,9
29,10
11,11
12,12
13,13
14,14
15,15
15,16
3,17
18,18
19,19
20,20
21,21
22,22
23,23
24,24
25,25
26,26
27,27
28,28
29,29
30,30
31,31
32,32
33,33
34,34
35,35
36,36
37,37
38,38
39,39
40,40
41,41
42,42
43,43
44,44
45,45
46,46
47,47
48,48
49,49
50,50
51,51
52,52
53,53
54,54
55,55
56,56
57,57
58,58
59,59
43,0
2,1
2,2
3,3
12,4
5,5
6,6
7,7
8,8
9,9
11,10
11,11
12,12
13,13
14,14
16,15
15,16
17,17
18,18
19,19
20,20
21,21
22,22
23,23
24,24
25,25
26,26
27,27
28,28
29,29
30,30
31,31
32,32
33,33
34,34
35,35
36,36
37,37
38,38
39,39
40,40
41,41
42,42
43,43
44,44
24,45
46,46
47,47
48,48
49,49
50,50
51,51
52,52
53,53
54,54
55,55
56,56
56,57
58,58
59,59
3,0
1,1
43,2
3,3
4,4
5,5
6,6
7,7
8,8
28,9
11,10
11,11
12,12
13,13
14,14
15,15
15,16
2,17
18,18
19,19
20,20
21,21
22,22
23,23
24,24
25,25
26,26
27,27
28,28
29,29
30,30
31,31
32,32
33,33
34,34
35,35
36,36
37,37
38,38
39,39
40,40
41,41
42,42
43,43
44,44
45,45
46,46
47,47
48,48
49,49
50,50
51,51
52,52
53,53
54,54
55,55
57,57
58,58
58,59
0,0
1,1
43,2
3,3
10,4
5,5
6,6
7,7
8,8
9,9
28,10
29,11
12,12
13,13
14,14
15,15
15,16
17,17
18,18
19,19
20,20
21,21
22,22
23,23
24,24
25,25
26,26
46,27
33,28
28,29
30,30
31,31
32,32
33,33
34,34
35,35
36,36
37,37
38,38
39,39
40,40
41,41
42,42
43,43
44,44
45,45
46,46
47,47
48,48
49,49
50,50
51,51
52,52
53,53
54,54
55,55
56,56
57,57
58,58
59,59
0,0
1,1
43,2
3,3
4,4
5,5
6,6
7,7
8,8
9,9
10,10
11,11
12,12
13,13
14,14
16,15
16,16
17,17
18,18
19,19
20,20
21,21
22,22
23,23
24,24
25,25
26,26
27,27
28,28
29,29
30,30
31,31
32,32
33,33
34,34
35,35
36,36
37,37
38,38
39,39
40,40
41,41
42,42
43,43
44,44
45,45
46,46
47,47
48,48
49,49
50,50
51,51
52,52
53,53
54,54
55,55
56,56
57,57
58,58
59,59
0,0
1,1
43,2
3,3
10,4
5,5
6,6
7,7
8,8
9,9
28,10
11,11
12,12
13,13
14,14
15,15
15,16
17,17
18,18
19,19
20,20
21,21
22,22
23,23
24,24
25,25
26,26
43,27
33,28
11,29
31,30
31,31
32,32
33,33
34,34
35,35
36,36
37,37
38,38
39,39
40,40
41,41
42,42
43,43
44,44
45,45
46,46
47,47
48,48
49,49
50,50
51,51
52,52
53,53
54,54
55,55
56,56
57,57
58,58
59,59
0,0
1,1
43,2
3,3
4,4
5,5
6,6
7,7
8,8
9,9
10,10
29,11
12,12
13,13
14,14
16,15
15,16
17,17
18,18
19,19
20,20
21,21
22,22
23,23
24,24
25,25
26,26
27,27
28,28
29,29
53,30
31,31
32,32
33,33
34,34
35,35
36,36
37,37
38,38
39,39
40,40
41,41
42,42
43,43
44,44
45,45
46,46
44,47
48,48
49,49
50,50
51,51
52,52
53,53
54,54
55,55
56,56
57,57
58,58
59,59
0,0
1,1
43,2
3,3
4,4
5,5
6,6
7,7
8,8
9,9
10,10
11,11
12,12
13,13
14,14
15,15
16,16
17,17
18,18
19,19
20,20
21,21
22,22
23,23
24,24
25,25
26,26
40,27
28,28
11,29
30,30
31,31
32,32
33,33
34,34
35,35
36,36
37,37
38,38
39,39
40,40
41,41
42,42
43,43
44,44
45,45
46,46
47,47
48,48
49,49
50,50
51,51
52,52
53,53
54,54
55,55
56,56
57,57
58,58
59,59
0,0
36,1
2,2
46,3
4,4
5,5
6,6
7,7
8,8
9,9
10,10
28,11
12,12
13,13
14,14
15,15
16,16
17,17
18,18
19,19
20,20
21,21
22,22
23,23
4,24
25,25
26,26
27,27
29,28
29,29
30,30
31,31
32,32
33,33
34,34
40,35
36,36
37,37
38,38
39,39
40,40
41,41
42,42
2,43
4,44
45,45
44,46
44,47
48,48
49,49
49,50
51,51
52,52
53,53
54,54
55,55
56,56
57,57
58,58
59,59
0,0
1,1
43,2
3,3
4,4
5,5
6,6
7,7
8,8
9,9
10,10
11,11
12,12
13,13
14,14
15,15
15,16
17,17
18,18
19,19
20,20
48,21
22,22
23,23
24,24
25,25
26,26
27,27
28,28
29,29
6,30
31,31
32,32
33,33
34,34
35,35
36,36
37,37
38,38
39,39
47,40
41,41
42,42
43,43
44,44
45,45
46,46
34,47
48,48
49,49
50,50
51,51
52,52
53,53
54,54
55,55
56,56
57,57
58,58
58,59
0,0
1,1
36,2
3,3
4,4
5,5
6,6
7,7
8,8
9,9
10,10
11,11
12,12
13,13
14,14
15,15
15,16
17,17
18,18
19,19
20,20
21,21
22,22
23,23
24,24
25,25
26,26
27,27
28,28
29,29
30,30
31,31
32,32
33,33
34,34
35,35
36,36
37,37
38,38
39,39
40,40
41,41
42,42
43,43
44,44
45,45
46,46
47,47
48,48
49,49
50,50
51,51
52,52
53,53
54,54
55,55
56,56
57,57
58,58
59,59
0,0
1,1
24,2
3,3
4,4
5,5
6,6
7,7
8,8
9,9
10,10
11,11
12,12
13,13
14,14
15,15
15,16
17,17
18,18
19,19
20,20
48,21
22,22
23,23
24,24
25,25
26,26
27,27
11,28
29,29
30,30
31,31
32,32
33,33
34,34
35,35
36,36
37,37
38,38
39,39
47,40
41,41
42,42
43,43
44,44
45,45
46,46
47,47
48,48
49,49
50,50
51,51
52,52
53,53
54,54
55,55
56,56
57,57
58,58
59,59
0,0
1,1
36,2
3,3
4,4
5,5
6,6
7,7
8,8
9,9
11,10
11,11
12,12
13,13
14,14
15,15
16,16
17,17
18,18
19,19
20,20
21,21
22,22
23,23
24,24
25,25
26,26
27,27
28,28
29,29
30,30
31,31
32,32
33,33
47,34
35,35
36,36
37,37
38,38
39,39
47,40
41,41
42,42
43,43
44,44
45,45
46,46
47,47
48,48
49,49
50,50
51,51
52,52
53,53
54,54
55,55
56,56
57,57
58,58
59,59
0,0
1,1
40,2
3,3
40,4
5,5
6,6
7,7
8,8
9,9
11,10
11,11
12,12
13,13
14,14
15,15
15,16
17,17
18,18
19,19
20,20
21,21
22,22
23,23
24,24
25,25
26,26
27,27
29,28
10,29
30,30
31,31
32,32
33,33
34,34
35,35
36,36
37,37
38,38
39,39
47,40
41,41
42,42
43,43
44,44
45,45
46,46
47,47
48,48
49,49
50,50
51,51
52,52
53,53
54,54
55,55
56,56
57,57
59,58
59,59
43,0
1,1
36,2
3,3
28,4
5,5
6,6
7,7
8,8
9,9
10,10
11,11
12,12
13,13
14,14
15,15
16,16
17,17
18,18
19,19
20,20
48,21
22,22
23,23
24,24
25,25
26,26
27,27
28,28
28,29
30,30
31,31
32,32
33,33
34,34
35,35
36,36
37,37
13,38
39,39
40,40
41,41
42,42
43,43
44,44
45,45
46,46
47,47
48,48
49,49
50,50
51,51
52,52
53,53
54,54
55,55
55,56
57,57
58,58
59,59
0,0
1,1
2,2
3,3
4,4
5,5
6,6
7,7
8,8
9,9
10,10
11,11
12,12
13,13
14,14
15,15
15,16
17,17
18,18
19,19
20,20
21,21
2,22
23,23
24,24
25,25
26,26
27,27
11,28
36,29
43,30
31,31
32,32
33,33
34,34
35,35
36,36
37,37
38,38
39,39
40,40
41,41
42,42
43,43
44,44
45,45
46,46
47,47
48,48
49,49
50,50
51,51
52,52
53,53
54,54
55,55
56,56
57,57
58,58
59,59
0,0
1,1
2,2
3,3
4,4
5,5
6,6
7,7
8,8
9,9
10,10
28,11
12,12
13,13
14,14
15,15
15,16
17,17
36,18
19,19
20,20
21,21
22,22
23,23
35,24
25,25
26,26
27,27
28,28
36,29
31,30
31,31
32,32
33,33
34,34
35,35
36,36
37,37
38,38
39,39
40,40
41,41
42,42
43,43
44,44
45,45
46,46
47,47
48,48
49,49
50,50
51,51
52,52
53,53
54,54
55,55
56,56
57,57
58,58
59,59
0,0
1,1
43,2
3,3
4,4
5,5
6,6
7,7
8,8
38,9
10,10
12,12
13,13
14,14
16,15
16,16
17,17
17,18
19,19
20,20
21,21
22,22
23,23
24,24
25,25
26,26
27,27
28,28
29,29
0,30
30,31
32,32
28,33
34,34
35,35
36,36
37,37
38,38
39,39
40,40
41,41
42,42
43,43
44,44
45,45
46,46
47,47
48,48
49,49
50,50
51,51
52,52
52,53
54,54
55,55
56,56
57,57
58,58
59,59
0,0
1,1
2,2
3,3
4,4
5,5
6,6
7,7
8,8
9,9
10,10
11,11
12,12
13,13
14,14
15,15
16,16
17,17
18,18
19,19
20,20
21,21
22,22
23,23
24,24
25,25
26,26
27,27
28,28
29,29
31,30
31,31
32,32
33,33
34,34
35,35
36,36
37,37
38,38
39,39
40,40
41,41
42,42
43,43
44,44
45,45
46,46
47,47
48,48
49,49
50,50
51,51
52,52
53,53
54,54
55,55
56,56
57,57
58,58
59,59
0,0
1,1
2,2
3,3
4,4
5,5
6,6
7,7
8,8
9,9
10,10
11,11
12,12
13,13
14,14
15,15
16,16
17,17
18,18
19,19
20,20
21,21
22,22
23,23
24,24
25,25
26,26
27,27
28,28
31,29
2,30
30,31
32,32
29,33
34,34
35,35
36,36
37,37
38,38
39,39
40,40
41,41
42,42
43,43
44,44
45,45
46,46
47,47
48,48
49,49
50,50
51,51
52,52
48,53
54,54
55,55
56,56
57,57
58,58
59,59
0,0
36,1
2,2
36,3
45,4
5,5
6,6
7,7
8,8
9,9
28,10
11,11
13,13
14,14
15,15
15,16
17,17
36,18
19,19
20,20
21,21
48,22
23,23
27,24
25,25
26,26
27,27
29,28
20,29
24,30
31,31
32,32
33,33
34,34
35,35
36,36
2,37
38,38
39,39
40,40
41,41
42,42
43,43
44,44
45,45
46,46
47,47
48,48
49,49
56,50
51,51
52,52
35,53
54,54
24,55
27,56
56,57
58,58
59,59
0,0
36,1
2,2
3,3
4,4
5,5
6,6
7,7
8,8
9,9
10,10
11,11
12,12
13,13
14,14
15,15
16,16
17,17
18,18
19,19
20,20
21,21
22,22
23,23
24,24
25,25
26,26
27,27
28,28
29,29
31,30
31,31
32,32
33,33
34,34
35,35
36,36
37,37
38,38
39,39
40,40
41,41
42,42
43,43
44,44
45,45
43,46
47,47
48,48
49,49
50,50
51,51
52,52
53,53
54,54
55,55
56,56
57,57
58,58
59,59
0,0
36,1
2,2
3,3
4,4
5,5
6,6
7,7
8,8
9,9
10,10
11,11
12,12
13,13
14,14
15,15
15,16
17,17
18,18
19,19
20,20
21,21
22,22
23,23
4,24
25,25
26,26
27,27
28,28
29,29
30,30
31,31
32,32
33,33
34,34
35,35
36,36
3,37
38,38
39,39
40,40
41,41
42,42
43,43
44,44
45,45
46,46
44,47
48,48
49,49
50,50
51,51
52,52
53,53
54,54
57,55
56,56
57,57
58,58
59,59
0,0
36,1
2,2
3,3
29,4
5,5
6,6
7,7
8,8
9,9
11,10
11,11
12,12
14,13
14,14
15,15
16,16
17,17
18,18
23,23
24,24
25,25
26,26
27,27
28,28
29,29
30,30
22,31
29,32
33,33
34,34
35,35
36,36
2,37
38,38
39,39
43,40
41,41
42,42
43,43
44,44
45,45
46,46
47,47
11,48
49,49
50,50
51,51
52,52
53,53
54,54
55,55
56,56
57,57
58,58
59,59
0,0
40,1
2,2
3,3
4,4
5,5
6,6
7,7
8,8
9,9
10,10
11,11
12,12
13,13
14,14
15,15
15,16
17,17
18,18
19,19
20,20
21,21
22,22
23,23
24,24
25,25
26,26
27,27
28,28
29,29
30,30
31,31
32,32
33,33
34,34
35,35
36,36
37,37
38,38
39,39
43,40
41,41
42,42
43,43
44,44
45,45
46,46
47,47
48,48
49,49
50,50
51,51
52,52
53,53
54,54
55,55
56,56
57,57
58,58
59,59
0,0
1,1
2,2
3,3
4,4
15,5
6,6
7,7
8,8
9,9
10,10
11,11
12,12
13,13
14,14
15,15
16,16
17,17
18,18
19,19
20,20
21,21
22,22
23,23
24,24
25,25
26,26
27,27
28,28
29,29
30,30
31,31
32,32
33,33
34,34
35,35
36,36
37,37
38,38
39,39
40,40
41,41
42,42
43,43
44,44
45,45
43,46
47,47
48,48
49,49
50,50
51,51
52,52
53,53
54,54
55,55
56,56
57,57
58,58
59,59
0,0
36,1
2,2
36,3
4,4
5,5
6,6
7,7
8,8
9,9
10,10
43,11
10,12
13,13
14,14
15,15
15,16
17,17
18,18
19,19
20,20
21,21
22,22
23,23
12,24
25,25
26,26
27,27
28,28
29,29
30,30
31,31
0,32
33,33
34,34
35,35
36,36
35,37
38,38
39,39
43,40
41,41
42,42
46,43
44,44
45,45
46,46
47,47
48,48
49,49
50,50
51,51
52,52
53,53
54,54
55,55
56,56
57,57
58,58
59,59
0,0
27,1
2,2
3,3
4,4
5,5
6,6
7,7
8,8
36,9
28,10
11,11
12,12
13,13
14,14
15,15
16,16
17,17
18,18
19,19
20,20
21,21
22,22
23,23
24,24
25,25
26,26
27,27
28,28
29,29
30,30
31,31
32,32
38,33
34,34
35,35
36,36
37,37
38,38
39,39
40,40
41,41
42,42
43,43
44,44
45,45
46,46
47,47
48,48
49,49
50,50
51,51
56,52
53,53
54,54
55,55
56,56
57,57
58,58
59,59
17,0
1,1
2,2
3,3
4,4
5,5
6,6
7,7
8,8
33,9
10,10
29,11
12,12
13,13
14,14
15,15
15,16
17,17
20,18
19,19
20,20
21,21
22,22
23,23
24,24
25,25
26,26
27,27
28,28
3,29
30,30
31,31
32,32
28,33
34,34
35,35
22,36
37,37
38,38
9,39
36,40
41,41
42,42
43,43
44,44
45,45
46,46
47,47
48,48
49,49
50,50
51,51
56,52
53,53
45,54
55,55
56,56
57,57
58,58
59,59
17,0
43,1
2,2
3,3
4,4
5,5
6,6
7,7
8,8
28,9
28,10
11,11
12,12
13,13
14,14
15,15
15,16
19,19
20,20
21,21
22,22
23,23
24,24
25,25
26,26
27,27
28,28
29,29
32,30
32,31
32,32
38,33
34,34
35,35
36,36
37,37
38,38
39,39
40,40
41,41
42,42
43,43
44,44
45,45
46,46
47,47
48,48
49,49
50,50
51,51
52,52
53,53
54,54
55,55
56,56
57,57
58,58
59,59
0,0
17,1
2,2
3,3
4,4
5,5
6,6
7,7
8,8
9,9
10,10
28,11
12,12
13,13
14,14
15,15
15,16
17,17
18,18
19,19
20,20
21,21
22,22
23,23
24,24
25,25
26,26
27,27
28,28
29,29
40,30
31,31
32,32
33,33
34,34
35,35
36,36
37,37
38,38
39,39
40,40
41,41
42,42
43,43
44,44
45,45
46,46
40,47
48,48
49,49
50,50
51,51
52,52
53,53
14,54
29,55
57,56
57,57
58,58
59,59
0,0
2,1
2,2
3,3
4,4
5,5
6,6
7,7
8,8
38,9
33,10
38,11
12,12
13,13
14,14
15,15
16,16
17,17
18,18
19,19
20,20
21,21
22,22
23,23
24,24
25,25
26,26
27,27
28,28
12,29
30,30
31,31
32,32
38,33
34,34
35,35
36,36
37,37
38,38
39,39
40,40
41,41
42,42
40,43
44,44
45,45
46,46
47,47
48,48
49,49
50,50
51,51
52,52
53,53
54,54
55,55
56,56
57,57
58,58
59,59
17,0
17,1
2,2
3,3
4,4
5,5
6,6
7,7
8,8
9,9
10,10
11,11
12,12
13,13
14,14
15,15
15,16
17,17
18,18
19,19
20,20
21,21
22,22
23,23
24,24
25,25
26,26
27,27
28,28
11,29
30,30
48,31
32,32
33,33
47,34
35,35
36,36
37,37
38,38
30,39
43,40
41,41
42,42
18,43
44,44
45,45
46,46
47,47
48,48
49,49
50,50
51,51
52,52
53,53
54,54
55,55
56,56
57,57
58,58
59,59
0,0
37,1
2,2
3,3
4,4
5,5
6,6
7,7
8,8
9,9
11,10
29,11
12,12
13,13
14,14
15,15
15,16
17,17
18,18
19,19
20,20
21,21
22,22
23,23
24,24
25,25
26,26
27,27
28,28
29,29
30,30
31,31
32,32
28,33
34,34
35,35
43,36
37,37
38,38
39,39
40,40
41,41
42,42
43,43
44,44
45,45
46,46
47,47
43,48
49,49
50,50
51,51
52,52
53,53
54,54
55,55
56,56
57,57
58,58
59,59
0,0
2,1
2,2
3,3
4,4
5,5
6,6
7,7
8,8
9,9
27,10
11,11
12,12
13,13
14,14
15,15
16,16
17,17
18,18
19,19
20,20
21,21
22,22
23,23
24,24
25,25
26,26
27,27
28,28
29,29
30,30
31,31
32,32
33,33
34,34
35,35
36,36
37,37
38,38
39,39
47,40
41,41
42,42
43,43
44,44
45,45
46,46
47,47
48,48
49,49
23,50
51,51
52,52
53,53
54,54
55,55
56,56
57,57
58,58
59,59
0,0
18,1
43,2
36,3
4,4
5,5
6,6
12,12
13,13
14,14
15,15
15,16
17,17
18,18
19,19
20,20
21,21
9,22
23,23
24,24
25,25
26,26
27,27
10,28
29,29
30,30
31,31
32,32
28,33
34,34
35,35
43,36
37,37
38,38
39,39
43,40
41,41
42,42
43,43
44,44
45,45
46,46
47,47
48,48
24,50
56,51
52,52
53,53
54,54
55,55
56,56
57,57
58,58
59,59
2,0
2,1
2,2
3,3
4,4
5,5
6,6
7,7
8,8
33,9
10,10
29,11
12,12
13,13
14,14
16,15
16,16
17,17
18,18
19,19
20,20
21,21
22,22
23,23
24,24
25,25
26,26
27,27
28,28
29,29
30,30
31,31
32,32
33,33
34,34
35,35
36,36
37,37
38,38
39,39
40,40
41,41
42,42
43,43
44,44
45,45
46,46
47,47
48,48
49,49
50,50
51,51
52,52
53,53
54,54
55,55
56,56
57,57
58,58
59,59
0,0
1,1
2,2
3,3
4,4
5,5
6,6
7,7
8,8
9,9
11,10
29,11
12,12
13,13
14,14
15,15
16,16
17,17
18,18
19,19
20,20
21,21
22,22
23,23
24,24
25,25
26,26
27,27
28,28
29,29
30,30
31,31
32,32
28,33
34,34
35,35
36,36
37,37
38,38
39,39
40,40
41,41
42,42
43,43
44,44
45,45
46,46
47,47
48,48
49,49
50,50
51,51
52,52
53,53
54,54
55,55
56,56
57,57
58,58
59,59
0,0
0,1
2,2
3,3
4,4
5,5
6,6
7,7
8,8
33,9
29,10
29,11
12,12
13,13
14,14
16,15
16,16
17,17
36,18
19,19
20,20
21,21
22,22
23,23
24,24
25,25
26,26
27,27
28,28
29,29
30,30
31,31
32,32
33,33
34,34
35,35
36,36
37,37
38,38
39,39
44,40
41,41
42,42
43,43
44,44
44,45
46,46
47,47
48,48
53,49
50,50
51,51
52,52
53,53
54,54
55,55
56,56
57,57
58,58
59,59
0,0
1,1
2,2
3,3
4,4
5,5
6,6
7,7
8,8
9,9
11,10
9,11
12,12
13,13
14,14
15,15
16,16
17,17
18,18
19,19
20,20
21,21
22,22
23,23
24,24
25,25
26,26
27,27
28,28
29,29
30,30
31,31
32,32
33,33
34,34
35,35
36,36
37,37
38,38
39,39
34,40
41,41
42,42
43,43
44,44
45,45
46,46
40,47
48,48
52,49
50,50
51,51
52,52
53,53
54,54
55,55
56,56
57,57
58,58
59,59
0,0
1,1
2,2
36,3
4,4
5,5
6,6
7,7
8,8
9,9
11,10
28,11
12,12
13,13
14,14
15,15
16,16
17,17
18,18
19,19
20,20
21,21
22,22
23,23
24,24
25,25
26,26
27,27
28,28
29,29
31,30
31,31
32,32
33,33
5,34
35,35
36,36
37,37
38,38
39,39
34,40
41,41
42,42
19,43
44,44
45,45
46,46
47,47
48,48
49,49
50,50
51,51
52,52
53,53
54,54
55,55
56,56
57,57
58,58
59,59
11,0
1,1
2,2
4,4
5,5
6,6
7,7
8,8
9,9
11,10
11,11
12,12
13,13
14,14
15,15
15,16
17,17
18,18
19,19
20,20
20,21
22,22
23,23
24,24
25,25
26,26
27,27
28,28
2,29
30,30
31,31
28,32
33,33
34,34
35,35
36,36
37,37
38,38
39,39
34,40
41,41
42,42
43,43
44,44
44,45
46,46
40,47
48,48
52,49
50,50
51,51
52,52
53,53
54,54
55,55
56,56
57,57
58,58
59,59
0,0
1,1
2,2
3,3
4,4
5,5
6,6
7,7
8,8
9,9
43,10
12,11
12,12
13,13
14,14
15,15
16,16
17,17
18,18
19,19
20,20
21,21
22,22
23,23
24,24
25,25
26,26
27,27
28,28
29,29
30,30
31,31
32,32
33,33
34,34
35,35
36,36
37,37
38,38
39,39
34,40
41,41
42,42
43,43
44,44
45,45
46,46
47,47
48,48
52,49
50,50
51,51
52,52
53,53
54,54
53,55
56,56
57,57
58,58
59,59
0,0
1,1
2,2
3,3
27,4
5,5
6,6
15,7
8,8
9,9
11,10
28,11
10,12
13,13
14,14
12,15
12,16
17,17
18,18
19,19
20,20
21,21
22,22
23,23
24,24
25,25
26,26
27,27
28,28
29,29
30,30
31,31
32,32
33,33
34,34
35,35
36,36
37,37
38,38
39,39
34,40
41,41
42,42
46,43
44,44
45,45
46,46
40,47
48,48
52,49
50,50
51,51
52,52
53,53
54,54
55,55
56,56
57,57
58,58
59,59
0,0
1,1
35,2
36,3
4,4
5,5
5,6
7,7
8,8
9,9
10,10
11,11
12,12
13,13
14,14
15,15
16,16
24,17
36,18
19,19
20,20
21,21
38,22
23,23
24,24
25,25
26,26
27,27
28,28
29,29
45,30
3,31
32,32
9,33
41,34
35,35
36,36
37,37
38,38
39,39
40,40
41,41
42,42
43,43
36,44
45,45
46,46
47,47
48,48
49,49
56,50
51,51
52,52
53,53
54,54
55,55
56,56
57,57
58,58
59,59
0,0
1,1
2,2
3,3
4,4
5,5
6,6
7,7
8,8
9,9
32,10
28,11
12,12
13,13
14,14
15,15
16,16
17,17
18,18
19,19
20,20
21,21
22,22
23,23
24,24
25,25
26,26
27,27
28,28
29,29
30,30
31,31
32,32
33,33
34,34
35,35
36,36
37,37
38,38
39,39
44,40
41,41
42,42
43,43
44,44
45,45
46,46
47,47
21,48
49,49
50,50
51,51
52,52
53,53
54,54
55,55
56,56
57,57
58,58
59,59
0,0
1,1
2,2
3,3
4,4
5,5
6,6
7,7
8,8
9,9
28,10
11,11
12,12
13,13
14,14
15,15
16,16
17,17
18,18
19,19
20,20
21,21
22,22
23,23
24,24
25,25
26,26
27,27
28,28
29,29
30,30
31,31
32,32
33,33
34,34
35,35
36,36
37,37
38,38
39,39
44,40
41,41
42,42
43,43
44,44
45,45
46,46
47,47
48,48
52,49
50,50
51,51
52,52
53,53
54,54
55,55
56,56
57,57
58,58
59,59
2,0
1,1
2,2
37,3
4,4
5,5
6,6
17,7
8,8
9,9
32,10
11,11
12,12
13,13
14,14
15,15
16,16
17,17
18,18
19,19
20,20
21,21
21,22
23,23
24,24
25,25
26,26
27,27
28,28
29,29
30,30
31,31
32,32
33,33
34,34
35,35
36,36
37,37
38,38
39,39
40,40
41,41
42,42
43,43
44,44
45,45
4,46
44,47
48,48
52,49
50,50
51,51
52,52
53,53
54,54
55,55
56,56
57,57
58,58
59,59
0,0
1,1
2,2
3,3
4,4
5,5
6,6
7,7
8,8
9,9
32,10
11,11
12,12
13,13
14,14
15,15
16,16
17,17
18,18
19,19
20,20
21,21
22,22
23,23
24,24
25,25
26,26
27,27
28,28
29,29
30,30
31,31
32,32
33,33
34,34
35,35
36,36
37,37
38,38
39,39
44,40
41,41
42,42
43,43
44,44
45,45
46,46
44,47
48,48
52,49
50,50
51,51
52,52
53,53
54,54
55,55
56,56
57,57
58,58
59,59
0,0
1,1
2,2
3,3
4,4
5,5
6,6
7,7
8,8
9,9
32,10
11,11
12,12
13,13
14,14
15,15
16,16
17,17
18,18
19,19
20,20
21,21
22,22
23,23
24,24
25,25
26,26
27,27
28,28
10,29
30,30
31,31
32,32
33,33
34,34
35,35
36,36
37,37
38,38
39,39
44,40
41,41
42,42
43,43
44,44
45,45
46,46
44,47
21,48
52,49
50,50
51,51
52,52
53,53
54,54
55,55
56,56
57,57
58,58
59,59
0,0
10,1
2,2
3,3
4,4
5,5
6,6
7,7
8,8
9,9
11,10
32,11
12,12
13,13
14,14
15,15
16,16
17,17
18,18
19,19
20,20
21,21
35,22
23,23
24,24
25,25
26,26
48,27
28,28
11,29
37,30
31,31
32,32
33,33
56,34
43,35
43,36
37,37
38,38
39,39
56,40
41,41
42,42
43,43
44,44
45,45
3,46
19,47
48,48
48,49
54,50
40,51
4,52
32,53
54,54
55,55
56,56
57,57
58,58
58,59
0,0
1,1
40,2
3,3
12,4
5,5
6,6
7,7
8,8
9,9
10,10
11,11
12,12
13,13
14,14
15,15
16,16
17,17
18,18
36,19
20,20
21,21
27,22
41,23
24,24
25,25
26,26
40,27
28,28
11,29
30,30
31,31
32,32
33,33
34,34
35,35
36,36
43,37
38,38
39,39
40,40
41,41
42,42
46,43
44,44
45,45
18,46
47,47
48,48
49,49
50,50
51,51
52,52
53,53
54,54
55,55
56,56
57,57
58,58
59,59
27,0
1,1
27,2
3,3
4,4
5,5
6,6
7,7
8,8
9,9
10,10
11,11
12,12
13,13
13,14
15,15
16,16
17,17
18,18
19,19
20,20
21,21
48,22
23,23
24,24
25,25
26,26
27,27
28,28
28,29
30,30
30,31
32,32
33,33
34,34
35,35
36,36
1,37
38,38
38,39
40,40
41,41
42,42
43,43
44,44
45,45
46,46
34,47
48,48
49,49
50,50
51,51
52,52
53,53
54,54
55,55
56,56
57,57
58,58
59,59
0,0
1,1
27,2
3,3
10,4
5,5
6,6
7,7
8,8
9,9
11,10
10,11
12,12
13,13
14,14
15,15
16,16
18,18
19,19
20,20
21,21
27,22
23,23
24,24
25,25
26,26
27,27
28,28
11,29
30,30
30,31
32,32
33,33
34,34
35,35
36,36
35,37
38,38
39,39
40,40
41,41
42,42
40,43
44,44
45,45
27,46
47,47
48,48
49,49
50,50
51,51
52,52
53,53
54,54
55,55
56,56
57,57
58,58
59,59
0,0
1,1
1,2
3,3
4,4
5,5
21,6
7,7
8,8
9,9
10,10
10,11
12,12
13,13
13,14
15,15
16,16
17,17
18,18
19,19
20,20
21,21
48,22
23,23
24,24
25,25
26,26
27,27
28,28
29,29
30,30
30,31
32,32
33,33
34,34
35,35
36,36
1,37
38,38
39,39
40,40
41,41
42,42
43,43
44,44
45,45
46,46
34,47
48,48
49,49
49,50
51,51
52,52
53,53
54,54
55,55
56,56
57,57
58,58
58,59
0,0
44,1
44,2
36,3
4,4
5,5
6,6
7,7
8,8
9,9
28,10
11,11
12,12
13,13
14,14
15,15
16,16
17,17
18,18
36,19
20,20
21,21
48,22
23,23
24,24
25,25
26,26
27,27
28,28
10,29
30,30
30,31
32,32
33,33
34,34
35,35
36,36
43,37
38,38
39,39
40,40
41,41
42,42
47,43
44,44
45,45
46,46
47,47
48,48
49,49
50,50
51,51
52,52
53,53
54,54
55,55
56,56
57,57
58,58
59,59
33,0
2,1
2,2
2,3
4,4
5,5
6,6
7,7
8,8
28,9
11,10
11,11
13,13
13,14
15,15
16,16
27,17
18,18
36,19
20,20
21,21
27,22
23,23
48,24
25,25
26,26
0,27
28,28
29,29
30,30
30,31
32,32
9,33
34,34
35,35
36,36
18,37
38,38
38,39
40,40
41,41
42,42
46,43
44,44
45,45
46,46
34,47
4,48
4,49
6,50
54,51
45,52
37,53
54,54
55,55
47,56
57,57
58,58
59,59
0,0
1,1
2,2
43,3
4,4
5,5
6,6
7,7
8,8
9,9
28,10
11,11
12,12
13,13
14,14
15,15
16,16
17,17
18,18
17,19
20,20
21,21
48,22
23,23
24,24
25,25
26,26
27,27
28,28
29,29
30,30
31,31
32,32
33,33
34,34
35,35
36,36
37,37
38,38
39,39
40,40
41,41
42,42
43,43
44,44
45,45
46,46
34,47
48,48
49,49
50,50
51,51
52,52
53,53
54,54
55,55
54,56
57,57
58,58
59,59
0,0
1,1
2,2
3,3
4,4
5,5
6,6
7,7
8,8
9,9
11,10
11,11
12,12
13,13
14,14
15,15
16,16
17,17
18,18
19,19
20,20
21,21
22,22
23,23
24,24
25,25
26,26
27,27
28,28
29,29
30,30
30,31
32,32
33,33
34,34
35,35
36,36
37,37
38,38
39,39
40,40
41,41
42,42
43,43
44,44
45,45
46,46
47,47
48,48
49,49
50,50
51,51
52,52
53,53
54,54
55,55
56,56
57,57
58,58
59,59
0,0
43,1
2,2
43,3
4,4
5,5
6,6
7,7
8,8
9,9
28,10
11,11
12,12
13,13
14,14
15,15
16,16
17,17
18,18
19,19
20,20
21,21
22,22
23,23
24,24
25,25
26,26
27,27
28,28
11,29
30,30
31,31
32,32
33,33
34,34
35,35
36,36
37,37
38,38
39,39
40,40
41,41
42,42
43,43
44,44
49,45
46,46
34,47
48,48
49,49
50,50
51,51
52,52
53,53
54,54
54,55
54,56
57,57
58,58
59,59
0,0
1,1
2,2
3,3
4,4
5,5
6,6
7,7
8,8
9,9
10,10
11,11
12,12
13,13
14,14
15,15
16,16
17,17
18,18
19,19
20,20
21,21
22,22
23,23
24,24
25,25
26,26
27,27
28,28
29,29
30,30
31,31
32,32
33,33
34,34
35,35
36,36
37,37
38,38
39,39
40,40
41,41
42,42
43,43
44,44
45,45
43,46
47,47
48,48
49,49
50,50
51,51
52,52
53,53
54,54
55,55
56,56
57,57
58,58
59,59
0,0
1,1
2,2
3,3
4,4
5,5
6,6
7,7
8,8
9,9
10,10
11,11
12,12
13,13
14,14
15,15
16,16
17,17
18,18
19,19
20,20
21,21
22,22
23,23
24,24
25,25
26,26
27,27
28,28
11,29
30,30
31,31
32,32
33,33
34,34
35,35
36,36
37,37
38,38
39,39
40,40
41,41
42,42
43,43
44,44
45,45
46,46
34,47
48,48
49,49
50,50
51,51
52,52
53,53
54,54
57,55
54,56
57,57
58,58
59,59
2,1
4,2
40,3
4,4
5,5
6,6
7,7
8,8
9,9
12,12
13,13
14,14
15,15
16,16
17,17
18,18
44,19
32,20
21,21
37,22
23,23
24,24
25,25
26,26
27,27
29,28
29,29
30,30
30,31
32,32
39,33
34,34
37,35
36,36
37,37
38,38
39,39
40,40
42,41
42,42
43,43
40,44
45,45
44,46
47,47
52,48
32,49
23,50
6,51
4,52
37,53
54,54
24,55
56,56
56,57
58,58
59,59
0,0
1,1
2,2
3,3
32,4
5,5
6,6
7,7
8,8
9,9
10,10
11,11
12,12
13,13
14,14
15,15
5,16
17,17
18,18
19,19
20,20
21,21
22,22
23,23
24,24
25,25
26,26
43,27
28,28
11,29
30,30
31,31
39,32
33,33
34,34
35,35
36,36
37,37
40,38
39,39
40,40
41,41
42,42
43,43
44,44
45,45
46,46
44,47
48,48
49,49
50,50
51,51
52,52
53,53
54,54
55,55
56,56
57,57
58,58
58,59
0,0
17,1
2,2
3,3
4,4
5,5
6,6
7,7
8,8
9,9
10,10
11,11
12,12
13,13
14,14
15,15
15,16
17,17
18,18
19,19
20,20
21,21
22,22
23,23
24,24
25,25
26,26
27,27
28,28
11,29
30,30
31,31
32,32
33,33
34,34
35,35
36,36
37,37
38,38
39,39
40,40
41,41
42,42
43,43
44,44
32,45
46,46
47,47
48,48
49,49
50,50
51,51
52,52
53,53
54,54
55,55
56,56
57,57
58,58
59,59
12,0
1,1
2,2
3,3
4,4
5,5
6,6
7,7
8,8
9,9
28,10
11,11
12,12
13,13
14,14
15,15
15,16
17,17
18,18
19,19
20,20
21,21
22,22
23,23
24,24
25,25
26,26
43,27
28,28
43,29
30,30
31,31
39,32
33,33
34,34
35,35
36,36
37,37
40,38
39,39
40,40
41,41
42,42
43,43
44,44
45,45
46,46
44,47
48,48
49,49
50,50
51,51
52,52
53,53
54,54
52,55
56,56
57,57
58,58
59,59
0,0
44,1
2,2
3,3
4,4
5,5
6,6
7,7
8,8
38,9
10,10
33,11
12,12
13,13
14,14
15,15
15,16
17,17
18,18
19,19
20,20
21,21
22,22
23,23
24,24
25,25
26,26
27,27
38,28
29,29
30,30
31,31
32,32
33,33
34,34
35,35
36,36
37,37
38,38
39,39
40,40
41,41
42,42
43,43
44,44
45,45
46,46
47,47
48,48
49,49
50,50
51,51
52,52
53,53
54,54
30,55
56,56
57,57
58,58
59,59
0,0
1,1
2,2
3,3
32,4
5,5
6,6
7,7
8,8
9,9
11,10
11,11
12,12
13,13
14,14
15,15
15,16
17,17
18,18
19,19
20,20
21,21
22,22
23,23
24,24
25,25
26,26
43,27
36,28
11,29
30,30
31,31
32,32
33,33
34,34
35,35
36,36
37,37
40,38
39,39
40,40
41,41
42,42
43,43
44,44
24,45
46,46
34,47
22,48
49,49
50,50
51,51
52,52
53,53
54,54
55,55
49,56
57,57
58,58
59,59
27,0
24,1
35,2
24,3
30,4
5,5
6,6
7,7
8,8
9,9
33,10
38,11
12,12
13,13
14,14
15,15
15,16
17,17
40,18
19,19
46,20
21,21
37,22
23,23
24,24
25,25
26,26
24,27
28,28
44,29
44,30
44,31
32,32
9,33
34,34
35,35
33,36
4,37
38,38
39,39
44,40
41,41
42,42
37,43
44,44
54,45
45,46
44,47
4,48
37,49
4,50
51,51
45,52
4,53
54,54
24,55
34,56
24,57
58,58
59,59
0,0
18,1
2,2
3,3
4,4
5,5
6,6
7,7
8,8
9,9
10,10
28,11
10,12
13,13
14,14
15,15
16,16
17,17
18,18
19,19
20,20
21,21
22,22
23,23
24,24
25,25
26,26
27,27
28,28
29,29
30,30
11,31
32,32
33,33
34,34
35,35
36,36
37,37
38,38
39,39
2,40
41,41
42,42
43,43
44,44
45,45
46,46
47,47
48,48
49,49
50,50
51,51
52,52
53,53
54,54
55,55
56,56
57,57
58,58
59,59
2,0
17,1
2,2
3,3
4,4
5,5
6,6
7,7
8,8
9,9
10,10
11,11
12,12
13,13
14,14
15,15
16,16
17,17
18,18
19,19
20,20
21,21
22,22
23,23
24,24
25,25
26,26
27,27
28,28
29,29
30,30
31,31
32,32
33,33
34,34
35,35
43,36
37,37
38,38
39,39
43,40
41,41
42,42
43,43
44,44
45,45
46,46
47,47
48,48
49,49
50,50
51,51
52,52
53,53
54,54
55,55
56,56
57,57
58,58
59,59
0,0
43,1
2,2
3,3
4,4
5,5
6,6
7,7
8,8
9,9
10,10
29,11
12,12
13,13
14,14
15,15
16,16
17,17
18,18
19,19
20,20
21,21
22,22
23,23
24,24
25,25
26,26
17,27
28,28
29,29
30,30
31,31
32,32
33,33
34,34
35,35
36,36
37,37
38,38
39,39
2,40
41,41
42,42
43,43
44,44
45,45
46,46
47,47
48,48
49,49
50,50
51,51
52,52
53,53
54,54
55,55
56,56
57,57
58,58
59,59
0,0
1,1
2,2
3,3
4,4
5,5
6,6
7,7
8,8
9,9
10,10
29,11
12,12
13,13
14,14
15,15
16,16
17,17
18,18
19,19
20,20
21,21
22,22
23,23
24,24
25,25
26,26
27,27
28,28
29,29
30,30
31,31
32,32
33,33
34,34
35,35
36,36
37,37
38,38
39,39
43,40
41,41
42,42
43,43
44,44
45,45
46,46
47,47
48,48
49,49
50,50
51,51
52,52
53,53
54,54
55,55
56,56
57,57
58,58
59,59
0,0
2,1
2,2
3,3
4,4
5,5
6,6
7,7
8,8
9,9
11,10
29,11
12,12
13,13
14,14
15,15
16,16
17,17
18,18
19,19
20,20
21,21
22,22
23,23
24,24
25,25
26,26
27,27
28,28
29,29
30,30
0,31
32,32
33,33
34,34
35,35
36,36
37,37
38,38
39,39
2,40
41,41
42,42
43,43
44,44
45,45
43,46
47,47
48,48
49,49
50,50
51,51
52,52
53,53
54,54
55,55
56,56
57,57
58,58
59,59
17,0
1,1
2,2
3,3
4,4
5,5
6,6
7,7
8,8
9,9
10,10
11,11
12,12
13,13
14,14
15,15
16,16
17,17
18,18
19,19
20,20
21,21
22,22
23,23
24,24
25,25
26,26
36,27
28,28
11,29
30,30
0,31
32,32
33,33
34,34
35,35
43,36
4,37
38,38
39,39
35,40
41,41
42,42
43,43
44,44
45,45
46,46
47,47
48,48
49,49
50,50
51,51
52,52
53,53
54,54
55,55
56,56
57,57
58,58
59,59
2,0
40,1
2,2
3,3
4,4
5,5
6,6
7,7
8,8
9,9
10,10
11,11
12,12
13,13
14,14
15,15
16,16
17,17
18,18
19,19
20,20
21,21
22,22
23,23
24,24
25,25
26,26
27,27
28,28
29,29
30,30
31,31
32,32
33,33
34,34
35,35
36,36
37,37
38,38
39,39
43,40
41,41
42,42
43,43
44,44
45,45
46,46
47,47
48,48
49,49
50,50
51,51
52,52
53,53
54,54
55,55
56,56
57,57
58,58
59,59
17,0
27,1
2,2
3,3
4,4
5,5
6,6
7,7
8,8
9,9
10,10
11,11
12,12
13,13
14,14
15,15
16,16
17,17
18,18
19,19
20,20
21,21
22,22
23,23
24,24
25,25
26,26
27,27
28,28
29,29
30,30
31,31
32,32
33,33
56,34
11,35
27,36
37,37
38,38
39,39
43,40
41,41
42,42
43,43
44,44
45,45
43,46
47,47
48,48
49,49
50,50
51,51
52,52
53,53
54,54
55,55
56,56
57,57
58,58
59,59
38,0
2,1
2,2
3,3
4,4
5,5
6,6
7,7
8,8
9,9
10,10
11,11
12,12
13,13
14,14
23,15
16,16
17,17
18,18
19,19
20,20
21,21
22,22
23,23
24,24
25,25
26,26
27,27
28,28
29,29
30,30
31,31
32,32
33,33
34,34
35,35
36,36
37,37
38,38
39,39
43,40
41,41
42,42
43,43
44,44
45,45
46,46
47,47
48,48
49,49
50,50
51,51
52,52
53,53
54,54
55,55
56,56
57,57
58,58
59,59
0,0
2,1
2,2
3,3
4,4
5,5
6,6
7,7
8,8
9,9
29,10
11,11
12,12
13,13
14,14
15,15
16,16
17,17
18,18
19,19
20,20
21,21
22,22
23,23
24,24
25,25
26,26
27,27
28,28
29,29
30,30
31,31
32,32
33,33
34,34
35,35
36,36
37,37
38,38
39,39
43,40
41,41
42,42
43,43
44,44
45,45
43,46
47,47
48,48
49,49
50,50
51,51
52,52
53,53
54,54
55,55
56,56
57,57
58,58
59,59
17,0
2,1
2,2
3,3
4,4
5,5
6,6
7,7
8,8
9,9
10,10
11,11
12,12
13,13
14,14
15,15
16,16
17,17
18,18
19,19
20,20
21,21
22,22
23,23
24,24
25,25
26,26
27,27
28,28
29,29
30,30
31,31
32,32
33,33
34,34
35,35
36,36
37,37
38,38
39,39
2,40
41,41
42,42
43,43
44,44
45,45
43,46
47,47
48,48
49,49
50,50
51,51
52,52
53,53
54,54
55,55
56,56
57,57
58,58
59,59
0,0
27,1
2,2
3,3
46,4
5,5
6,6
7,7
8,8
9,9
28,10
28,11
12,12
13,13
14,14
15,15
16,16
17,17
18,18
19,19
20,20
21,21
22,22
23,23
24,24
25,25
26,26
37,27
28,28
29,29
30,30
31,31
32,32
33,33
34,34
35,35
43,36
37,37
38,38
39,39
40,40
41,41
42,42
43,43
45,44
45,45
46,46
47,47
48,48
49,49
50,50
51,51
52,52
53,53
54,54
55,55
56,56
57,57
58,58
59,59
0,0
2,1
2,2
3,3
4,4
5,5
6,6
7,7
8,8
9,9
11,10
28,11
12,12
13,13
14,14
15,15
16,16
17,17
18,18
19,19
20,20
21,21
22,22
23,23
24,24
25,25
26,26
27,27
28,28
10,29
30,30
0,31
32,32
33,33
34,34
35,35
36,36
37,37
38,38
39,39
43,40
41,41
42,42
43,43
44,44
45,45
43,46
47,47
48,48
49,49
50,50
51,51
52,52
53,53
54,54
55,55
56,56
57,57
58,58
59,59
0,0
43,1
2,2
3,3
4,4
5,5
6,6
7,7
8,8
9,9
11,10
10,11
12,12
13,13
14,14
16,15
16,16
17,17
18,18
19,19
20,20
21,21
22,22
23,23
24,24
25,25
26,26
27,27
28,28
29,29
30,30
31,31
32,32
33,33
34,34
35,35
36,36
37,37
38,38
39,39
43,40
41,41
42,42
43,43
44,44
45,45
46,46
47,47
48,48
49,49
50,50
51,51
52,52
53,53
54,54
55,55
56,56
57,57
58,58
59,59
43,0
2,1
2,2
3,3
4,4
5,5
6,6
7,7
8,8
33,9
11,10
10,11
12,12
13,13
14,14
15,15
23,16
17,17
18,18
19,19
20,20
21,21
22,22
23,23
24,24
25,25
26,26
27,27
28,28
11,29
30,30
31,31
32,32
33,33
34,34
35,35
36,36
37,37
38,38
39,39
43,40
41,41
42,42
43,43
44,44
45,45
46,46
47,47
48,48
49,49
50,50
51,51
52,52
53,53
54,54
55,55
56,56
57,57
58,58
59,59
0,0
43,1
2,2
3,3
4,4
5,5
6,6
7,7
8,8
9,9
11,10
11,11
12,12
13,13
14,14
15,15
16,16
17,17
18,18
19,19
20,20
21,21
22,22
23,23
24,24
25,25
26,26
27,27
28,28
11,29
30,30
31,31
32,32
33,33
34,34
35,35
36,36
37,37
38,38
39,39
2,40
41,41
42,42
43,43
44,44
45,45
46,46
47,47
48,48
49,49
50,50
51,51
52,52
53,53
54,54
55,55
56,56
57,57
58,58
59,59
0,0
2,1
2,2
3,3
4,4
5,5
6,6
7,7
8,8
9,9
28,10
28,11
12,12
13,13
14,14
15,15
16,16
17,17
18,18
19,19
20,20
21,21
22,22
23,23
24,24
25,25
26,26
27,27
28,28
29,29
30,30
31,31
32,32
33,33
34,34
35,35
36,36
37,37
38,38
39,39
43,40
41,41
42,42
43,43
44,44
45,45
46,46
47,47
48,48
49,49
50,50
51,51
52,52
53,53
54,54
55,55
56,56
57,57
58,58
59,59
43,0
2,1
2,2
3,3
4,4
5,5
6,6
7,7
8,8
9,9
11,10
10,11
12,12
13,13
14,14
16,15
16,16
17,17
18,18
37,19
20,20
21,21
22,22
23,23
24,24
25,25
26,26
17,27
28,28
29,29
30,30
22,31
32,32
33,33
34,34
35,35
36,36
45,37
38,38
39,39
43,40
41,41
42,42
43,43
44,44
45,45
43,46
47,47
48,48
49,49
50,50
51,51
56,52
53,53
54,54
55,55
56,56
57,57
58,58
59,59
0,0
1,1
2,2
3,3
4,4
5,5
6,6
7,7
8,8
9,9
10,10
11,11
12,12
13,13
14,14
16,15
16,16
17,17
18,18
19,19
20,20
21,21
22,22
23,23
24,24
25,25
26,26
27,27
28,28
29,29
30,30
31,31
32,32
33,33
34,34
35,35
36,36
37,37
38,38
39,39
40,40
41,41
42,42
43,43
44,44
45,45
43,46
47,47
48,48
49,49
50,50
51,51
52,52
53,53
54,54
55,55
56,56
57,57
58,58
59,59
0,0
1,1
2,2
3,3
4,4
5,5
6,6
7,7
8,8
9,9
11,10
28,11
12,12
13,13
14,14
15,15
16,16
17,17
18,18
19,19
20,20
21,21
22,22
23,23
24,24
25,25
26,26
27,27
28,28
29,29
30,30
31,31
32,32
33,33
34,34
35,35
36,36
37,37
38,38
39,39
40,40
41,41
42,42
43,43
44,44
45,45
3,46
47,47
48,48
49,49
50,50
51,51
52,52
52,53
54,54
55,55
52,56
57,57
58,58
59,59
0,0
1,1
2,2
3,3
4,4
5,5
6,6
7,7
16,8
9,9
10,10
29,11
12,12
13,13
14,14
23,15
16,16
17,17
18,18
19,19
20,20
21,21
22,22
23,23
24,24
25,25
26,26
17,27
28,28
29,29
30,30
31,31
32,32
33,33
34,34
35,35
36,36
37,37
31,38
39,39
43,40
41,41
42,42
43,43
44,44
45,45
43,46
47,47
48,48
49,49
50,50
51,51
52,52
53,53
54,54
55,55
56,56
57,57
58,58
59,59
0,0
1,1
2,2
3,3
4,4
5,5
6,6
7,7
8,8
9,9
10,10
28,11
12,12
13,13
14,14
14,15
23,16
17,17
18,18
19,19
20,20
21,21
22,22
23,23
24,24
25,25
26,26
27,27
28,28
11,29
30,30
31,31
32,32
33,33
34,34
35,35
36,36
37,37
9,38
39,39
40,40
41,41
42,42
43,43
44,44
45,45
46,46
47,47
48,48
49,49
50,50
51,51
52,52
53,53
54,54
55,55
56,56
57,57
58,58
59,59
0,0
1,1
2,2
3,3
4,4
5,5
6,6
7,7
8,8
9,9
10,10
10,11
12,12
13,13
14,14
16,15
16,16
17,17
18,18
19,19
20,20
21,21
22,22
23,23
24,24
25,25
26,26
27,27
28,28
10,29
30,30
31,31
32,32
33,33
34,34
35,35
36,36
37,37
38,38
39,39
40,40
41,41
42,42
43,43
44,44
45,45
43,46
47,47
48,48
49,49
50,50
51,51
52,52
53,53
54,54
55,55
56,56
57,57
58,58
59,59
27,0
48,1
2,2
3,3
4,4
5,5
6,6
7,7
16,8
9,9
10,10
10,11
12,12
13,13
14,14
23,15
23,16
17,17
18,18
19,19
20,20
21,21
22,22
23,23
24,24
25,25
26,26
27,27
28,28
11,29
30,30
31,31
32,32
33,33
34,34
35,35
36,36
37,37
38,38
39,39
40,40
41,41
42,42
43,43
44,44
45,45
46,46
47,47
48,48
49,49
50,50
51,51
52,52
53,53
54,54
55,55
56,56
57,57
58,58
59,59
0,0
1,1
2,2
3,3
4,4
5,5
6,6
7,7
8,8
9,9
10,10
9,11
12,12
13,13
14,14
15,15
15,16
17,17
18,18
19,19
20,20
21,21
22,22
23,23
24,24
25,25
26,26
27,27
28,28
29,29
30,30
31,31
32,32
33,33
34,34
35,35
36,36
37,37
38,38
39,39
40,40
41,41
42,42
46,43
44,44
45,45
33,46
47,47
48,48
49,49
50,50
49,51
52,52
53,53
54,54
55,55
56,56
57,57
58,58
59,59
0,0
1,1
2,2
3,3
4,4
5,5
6,6
7,7
8,8
9,9
10,10
11,11
12,12
13,13
14,14
15,15
16,16
17,17
18,18
19,19
20,20
21,21
22,22
23,23
44,24
25,25
26,26
27,27
11,28
29,29
30,30
31,31
32,32
33,33
34,34
35,35
36,36
37,37
38,38
39,39
40,40
41,41
42,42
43,43
44,44
45,45
46,46
40,47
48,48
49,49
50,50
51,51
52,52
52,53
54,54
55,55
56,56
57,57
58,58
59,59
0,0
1,1
43,2
3,3
4,4
5,5
6,6
7,7
8,8
9,9
11,10
11,11
12,12
13,13
14,14
15,15
15,16
17,17
18,18
19,19
20,20
21,21
37,22
23,23
24,24
25,25
26,26
27,27
28,28
11,29
30,30
31,31
2,32
33,33
34,34
35,35
3,36
37,37
38,38
39,39
38,40
41,41
42,42
43,43
44,44
45,45
0,46
47,47
48,48
50,50
51,51
52,52
53,53
54,54
57,55
55,56
57,57
58,58
59,59
0,0
1,1
2,2
3,3
4,4
5,5
6,6
7,7
8,8
9,9
28,10
11,11
12,12
13,13
14,14
15,15
16,16
17,17
18,18
19,19
20,20
21,21
22,22
23,23
24,24
25,25
26,26
27,27
28,28
29,29
30,30
31,31
32,32
33,33
34,34
35,35
36,36
37,37
38,38
39,39
40,40
41,41
42,42
46,43
44,44
45,45
46,46
47,47
48,48
49,49
50,50
51,51
52,52
52,53
54,54
55,55
56,56
57,57
58,58
58,59
0,0
1,1
2,2
3,3
4,4
5,5
6,6
7,7
8,8
29,9
29,10
11,11
12,12
13,13
14,14
15,15
15,16
17,17
18,18
19,19
20,20
21,21
22,22
23,23
24,24
25,25
26,26
27,27
28,28
29,29
30,30
31,31
32,32
33,33
34,34
35,35
3,36
37,37
38,38
39,39
40,40
41,41
42,42
43,43
44,44
45,45
46,46
47,47
48,48
49,49
50,50
49,51
52,52
53,53
54,54
53,55
56,56
57,57
58,58
59,59
0,0
28,1
2,2
36,3
37,4
5,5
6,6
7,7
8,8
9,9
11,10
11,11
12,12
13,13
14,14
15,15
16,16
27,17
37,18
19,19
20,20
21,21
22,22
23,23
24,24
25,25
26,26
2,27
28,28
29,29
30,30
31,31
32,32
33,33
34,34
35,35
3,36
37,37
38,38
39,39
40,40
41,41
42,42
27,43
44,44
45,45
45,46
47,47
28,48
49,49
50,50
51,51
53,52
53,53
54,54
55,55
56,56
57,57
58,58
59,59
0,0
17,1
2,2
3,3
4,4
5,5
6,6
7,7
8,8
9,9
11,10
18,11
12,12
13,13
14,14
15,15
16,16
17,17
18,18
19,19
20,20
21,21
22,22
23,23
24,24
25,25
26,26
27,27
28,28
29,29
30,30
17,31
32,32
17,33
34,34
35,35
3,36
37,37
38,38
39,39
40,40
41,41
42,42
43,43
44,44
45,45
46,46
47,47
48,48
49,49
50,50
51,51
52,52
53,53
54,54
55,55
56,56
57,57
58,58
59,59
0,0
1,1
2,2
3,3
29,4
34,5
6,6
7,7
8,8
9,9
10,10
11,11
12,12
13,13
14,14
15,15
29,16
17,17
18,18
19,19
20,20
21,21
48,22
23,23
48,24
25,25
26,26
46,27
28,28
28,29
30,30
31,31
32,32
9,33
34,34
35,35
3,36
37,37
38,38
39,39
40,40
41,41
42,42
3,43
47,44
45,45
45,46
47,47
48,48
49,49
50,50
51,51
52,52
52,53
54,54
55,55
56,56
57,57
58,58
59,59
0,0
32,1
2,2
3,3
28,4
5,5
6,6
7,7
8,8
9,9
10,10
10,11
12,12
15,13
14,14
16,15
16,16
17,17
18,18
19,19
20,20
22,21
48,22
23,23
29,24
25,25
26,26
27,27
28,28
11,29
30,30
30,31
33,32
36,33
34,34
32,35
3,36
37,37
37,38
39,39
43,40
41,41
42,42
46,43
44,44
45,45
46,46
47,47
48,48
49,49
50,50
51,51
52,52
53,53
54,54
55,55
56,56
57,57
58,58
59,59
0,0
1,1
2,2
3,3
4,4
5,5
6,6
7,7
8,8
9,9
1,10
11,11
12,12
13,13
14,14
15,15
16,16
17,17
18,18
19,19
20,20
21,21
48,22
23,23
24,24
25,25
26,26
27,27
28,28
28,29
30,30
31,31
32,32
33,33
34,34
35,35
36,36
37,37
38,38
39,39
40,40
41,41
42,42
3,43
47,44
45,45
46,46
47,47
48,48
49,49
50,50
51,51
52,52
53,53
50,54
55,55
56,56
57,57
58,58
59,59
0,0
17,1
43,2
3,3
4,4
5,5
6,6
7,7
8,8
9,9
12,10
11,11
12,12
13,13
14,14
15,15
15,16
17,17
18,18
19,19
20,20
21,21
48,22
23,23
45,24
25,25
26,26
27,27
28,28
24,29
30,30
31,31
32,32
33,33
47,34
35,35
36,36
37,37
38,38
39,39
40,40
41,41
42,42
43,43
44,44
45,45
46,46
47,47
48,48
49,49
50,50
51,51
53,52
53,53
54,54
55,55
56,56
57,57
58,58
59,59
0,0
1,1
0,2
3,3
2,4
5,5
6,6
7,7
8,8
33,9
10,10
11,11
27,12
13,13
14,14
15,16
17,17
18,18
19,19
20,20
21,21
48,22
45,23
28,24
25,25
26,26
40,27
28,28
28,29
30,30
31,31
37,32
33,33
34,34
35,35
3,36
48,37
38,38
21,39
40,40
41,41
42,42
48,43
47,44
47,45
46,46
47,47
48,48
49,49
50,50
51,51
52,52
52,53
54,54
55,55
45,56
57,57
58,58
59,59
2,0
1,1
2,2
3,3
4,4
5,5
6,6
7,7
8,8
9,9
10,10
11,11
12,12
13,13
14,14
15,15
15,16
17,17
18,18
19,19
20,20
21,21
22,22
23,23
24,24
25,25
26,26
27,27
11,28
11,29
30,30
31,31
32,32
33,33
34,34
35,35
36,36
37,37
38,38
39,39
40,40
41,41
42,42
43,43
44,44
45,45
43,46
47,47
48,48
49,49
50,50
51,51
52,52
53,53
55,55
56,56
57,57
58,58
59,59
0,0
1,1
43,2
3,3
4,4
5,5
6,6
7,7
8,8
9,9
28,10
11,11
12,12
13,13
14,14
15,15
15,16
17,17
18,18
19,19
20,20
21,21
22,22
23,23
15,24
25,25
26,26
27,27
10,28
29,29
30,30
31,31
32,32
33,33
34,34
24,35
36,36
37,37
38,38
39,39
40,40
41,41
42,42
36,43
44,44
45,45
46,46
47,47
48,48
49,49
50,50
51,51
52,52
53,53
43,55
7,56
2,57
58,58
59,59
0,0
1,1
2,2
3,3
4,4
5,5
6,6
7,7
8,8
9,9
10,10
11,11
13,12
13,13
14,14
15,15
15,16
17,17
18,18
19,19
20,20
21,21
22,22
23,23
24,24
25,25
26,26
27,27
11,28
11,29
30,30
31,31
32,32
28,33
16,34
35,35
36,36
37,37
38,38
39,39
40,40
41,41
42,42
43,43
44,44
46,45
46,46
47,47
48,48
49,49
50,50
51,51
52,52
53,53
54,54
55,55
56,56
57,57
58,58
59,59
0,0
1,1
2,2
3,3
4,4
5,5
6,6
7,7
8,8
9,9
10,10
11,11
12,12
13,13
14,14
15,15
16,16
17,17
18,18
19,19
20,20
21,21
22,22
23,23
45,24
25,25
26,26
3,27
28,28
11,29
30,30
31,31
32,32
33,33
34,34
35,35
36,36
37,37
38,38
39,39
47,40
41,41
42,42
43,43
44,44
45,45
46,46
47,47
48,48
49,49
50,50
51,51
52,52
53,53
54,54
55,55
56,56
57,57
58,58
59,59
2,0
1,1
2,2
3,3
4,4
5,5
6,6
7,7
8,8
33,9
10,10
11,11
12,12
13,13
14,14
15,15
16,16
17,17
18,18
19,19
20,20
22,21
22,22
23,23
24,24
25,25
26,26
27,27
28,28
11,29
32,30
31,31
32,32
33,33
34,34
35,35
36,36
37,37
38,38
39,39
40,40
41,41
42,42
43,43
44,44
24,45
43,46
47,47
48,48
49,49
50,50
51,51
52,52
53,53
54,54
55,55
56,56
57,57
58,58
59,59
0,0
18,1
2,2
3,3
4,4
5,5
6,6
7,7
8,8
9,9
10,10
10,11
12,12
13,13
14,14
15,15
16,16
27,17
18,18
19,19
20,20
21,21
22,22
23,23
2,24
25,25
26,26
27,27
28,28
28,29
30,30
31,31
32,32
17,33
34,34
4,35
36,36
37,37
38,38
39,39
40,40
41,41
42,42
43,43
44,44
44,45
46,46
47,47
48,48
49,49
50,50
51,51
52,52
53,53
54,54
55,55
56,56
57,57
58,58
59,59
